1,H,1,1,0
2,He,1,18,6
3,Li,2,1,2
4,Be,2,2,2
5,B,2,13,4
6,C,2,14,5
7,N,2,15,5
8,O,2,16,5
9,F,2,17,5
10,Ne,2,18,6
11,Na,3,1,2
12,Mg,3,2,2
13,Al,3,13,3
14,Si,3,14,4
15,P,3,15,5
16,S,3,16,5
17,Cl,3,17,5
18,Ar,3,18,6
19,K,4,1,2
20,Ca,4,2,2
21,Sc,4,3,3
22,Ti,4,4,3
23,V,4,5,3
24,Cr,4,6,3
25,Mn,4,7,3
26,Fe,4,8,3
27,Co,4,9,3
28,Ni,4,10,3
29,Cu,4,11,3
30,Zn,4,12,3
31,Ga,4,13,3
32,Ge,4,14,3
33,As,4,15,4
34,Se,4,16,5
35,Br,4,17,5
36,Kr,4,18,6
37,Rb,5,1,2
38,Sr,5,2,2
39,Y,5,3,3
40,Zr,5,4,3
41,Nb,5,5,3
42,Mo,5,6,3
43,Tc,5,7,3
44,Ru,5,8,3
45,Rh,5,9,3
46,Pd,5,10,3
47,Ag,5,11,3
48,Cd,5,12,3
49,In,5,13,3
50,Sn,5,14,3
51,Sb,5,15,3
52,Te,5,16,4
53,I,5,17,5
54,Xe,5,18,6
55,Cs,6,1,2
56,Ba,6,2,2
57,La,9,1,7
58,Ce,9,2,7
59,Pr,9,3,7
60,Nd,9,4,7
61,Pm,9,5,7
62,Sm,9,6,7
63,Eu,9,7,7
64,Gd,9,8,7
65,Tb,9,9,7
66,Dy,9,10,7
67,Ho,9,11,7
68,Er,9,12,7
69,Tm,9,13,7
70,Yb,9,14,7
71,Lu,9,15,7
72,Hf,6,4,3
73,Ta,6,5,3
74,W,6,6,3
75,Re,6,7,3
76,Os,6,8,3
77,Ir,6,9,3
78,Pt,6,10,3
79,Au,6,11,3
80,Hg,6,12,3
81,Tl,6,13,3
82,Pb,6,14,3
83,Bi,6,15,3
84,Po,6,16,3
85,At,6,17,4
86,Rn,6,18,6
87,Fr,7,1,2
88,Ra,7,2,2
89,Ac,10,1,7
90,Th,10,2,7
91,Pa,10,3,7
92,U,10,4,7
93,Np,10,5,7
94,Pu,10,6,7
95,Am,10,7,7
96,Cm,10,8,7
97,Bk,10,9,7
98,Cf,10,10,7
99,Es,10,11,7
100,Fm,10,12,7
101,Md,10,13,7
102,No,10,14,7
103,Lr,10,15,7
