%%%%%% Les 27 ensembles de secours en fonction des 3 confparm dans le cas boucle while depasse temps de calcul %%%%%

:4,8,9,16,25,27,32,49,64,81

:4,8,9,16,25,27,32,49,64,81

:4,8,9,16,25,27,32,49,64,81

:12,18,20,24,28,36,40,45,48,50,54,56,63,72,75,80,96,98,100

:12,18,20,24,28,36,40,44,45,48,50,52,54,56,63,68,72,75,76,80,88,92,96,98,99,100

:12,18,20,24,28,36,40,44,45,48,50,52,54,56,63,68,72,75,76,80,88,92,96,98,99,100

:12,18,20,24,28,30,36,40,42,45,48,50,54,56,60,63,70,72,75,80,84,90,96,98,100

:12,18,20,24,28,30,36,40,42,44,45,48,50,52,54,56,60,63,66,68,70,72,75,76,78,80,84,88,90,92,96,98,99,100

:12,18,20,24,28,30,36,40,42,44,45,48,50,52,54,56,60,63,66,68,70,72,75,76,78,80,84,88,90,92,96,98,99,100

:4,8,9,16,25,27,32,49,64,81,125,128,243,343,625,729

:4,8,9,16,25,27,32,49,64,81,121,125,169,243,289,343,625,729

:4,8,9,16,25,27,32,49,64,81,121,125,169,243,289,343,625,729

:12,18,20,24,28,36,40,45,48,50,54,56,63,72,75,80,96,98,100,108,112,135,144,147,160,162,175,189,192,196,200,216,224,225,245,250,288,320,324,375,392,400,405,432,441,448,486,500,567,648,675,686,784,800,875,972,1000

:12,18,20,24,28,36,40,44,45,48,50,52,54,56,63,68,72,75,76,80,88,92,96,98,99,100,104,108,112,116,117,135,136,144,147,152,153,160,162,171,175,176,184,189,192,196,200,207,208,216,224,225,232,242,245,250,261,272,275,288,297,304,320,324,325,338,351,352,363,368,375,392,400,405,416,425,432,441,448,459,464,475,484,486,500,507,513,539,544,567,575,578,605,608,621,637,648,675,676,686,704,725,736,783,784,800,832,833,845,847,867,875,891,928,931,968,972,1000

:12,18,20,24,28,36,40,44,45,48,50,52,54,56,63,68,72,75,76,80,88,92,96,99,100,104,108,112,116,117,124,135,136,144,148,152,153,160,162,164,171,172,175,176,184,188,189,192,200,207,208,212,216,224,225,232,236,248,250,261,272,275,279,288,296,297,304,320,324,325,328,333,344,351,352,368,369,375,376,387,400,405,416,423,424,425,432,448,459,464,472,475,477,486,496,500,513,531,544,567,575,592,608,621,648,656,675,688,704,725,736,752,775,783,800,832,837,848,875,891,925,928,944,972,992,999,1000

:12,18,20,24,28,30,36,40,42,45,48,50,54,56,60,63,70,72,75,80,84,90,96,98,100,105,108,112,120,126,135,140,144,147,150,160,162,168,175,180,189,192,196,200,216,224,225,240,245,250,252,270,280,288,294,300,315,320,324,336,350,360,375,378,392,400,405,432,441,448,450,480,486,490,500,504,525,540,560,567,588,600,648,672,675,686,700,720,735,750,756,784,800,810,875,882,900,945,972,980,1000

:12,18,20,24,28,30,36,40,42,44,45,48,50,52,54,56,60,63,66,68,70,72,75,76,78,80,84,88,90,92,96,98,99,100,102,104,105,108,110,112,114,116,117,120,126,130,132,135,136,138,140,144,147,150,152,153,154,156,160,162,165,168,170,171,174,175,176,180,182,184,189,190,192,195,196,198,200,204,207,208,216,220,224,225,228,230,231,232,234,238,240,242,245,250,252,255,260,261,264,266,270,272,273,275,276,280,285,286,288,290,294,297,300,304,306,308,312,315,320,322,324,325,336,338,340,342,345,348,350,351,352,357,360,363,364,368,374,375,378,380,385,392,396,399,400,405,406,408,414,416,418,425,429,432,435,440,441,442,448,450,455,456,459,460,464,468,475,476,480,483,484,486,490,494,495,500,504,506,507,513,520,522,525,528,532,539,540,544,550,552,560,561,567,572,575,578,580,585,588,594,595,598,600,605,608,609,612,616,621,624,627,637,638,644,646,648,650,663,665,672,675,676,680,684,686,693,696,700,702,704,715,720,725,726,728,735,736,741,748,750,754,756,759,760,765,782,783,784,792,800,805,810,812,816,819,825,828,832,833,836,845,847,850,855,867,874,875,880,882,884,891,897,900,912,918,920,928,931,935,936,945,950,952,957,968,969,972,975,980,986,988,1000

:12,18,20,24,28,30,36,40,42,44,45,48,50,52,54,56,60,63,66,68,70,72,75,76,78,80,84,88,90,92,96,98,99,100,102,104,105,108,110,112,114,116,117,120,126,130,132,135,136,138,140,144,147,150,152,153,154,156,160,162,165,168,170,171,174,175,176,180,182,184,189,190,192,195,196,198,200,204,207,208,216,220,224,225,228,230,231,232,234,238,240,242,245,250,252,255,260,261,264,266,270,272,273,275,276,280,285,286,288,290,294,297,300,304,306,308,312,315,320,322,324,325,336,338,340,342,345,348,350,351,352,357,360,363,364,368,374,375,378,380,385,392,396,399,400,405,406,408,414,416,418,425,429,432,435,440,441,442,448,450,455,456,459,460,464,468,475,476,480,483,484,486,490,494,495,500,504,506,507,513,520,522,525,528,532,539,540,544,550,552,560,561,567,572,575,578,580,585,588,594,595,598,600,605,608,609,612,616,621,624,627,637,638,644,646,648,650,663,665,672,675,676,680,684,686,693,696,700,702,704,715,720,725,726,728,735,736,741,748,750,754,756,759,760,765,782,783,784,792,800,805,810,812,816,819,825,828,832,833,836,845,847,850,855,867,874,875,880,882,884,891,897,900,912,918,920,928,931,935,936,945,950,952,957,968,969,972,975,980,986,988,1000

:4,8,9,16,25,27,32,49,64,81,125,128,243,343,625,729,2187,2401,3125

:4,8,9,16,25,27,32,49,64,81,121,125,169,243,289,343,625,729,1331,2197,2401,3125,4913

:4,8,9,16,25,27,32,49,64,81,121,125,169,243,289,343,625,729,1331,2197,2401,3125,4913

:12,18,20,24,28,36,40,45,48,50,54,56,63,72,75,80,96,98,100,108,112,135,144,147,160,162,175,189,192,196,200,216,224,225,245,250,288,320,324,375,392,400,405,432,441,448,486,500,567,648,675,686,784,800,875,972,1000,1029,1125,1215,1225,1250,1323,1372,1458,1568,1701,1715,1875,2000,2025,2500,2744,3087,3375,3645,3969,4375,4802,5000

:12,18,20,24,28,36,40,44,45,48,50,52,54,56,63,68,72,75,76,80,88,92,96,98,99,100,104,108,112,116,117,135,136,144,147,152,153,160,162,171,175,176,184,189,192,196,200,207,208,216,224,225,232,242,245,250,261,272,275,288,297,304,320,324,325,338,351,352,363,368,375,392,400,405,416,425,432,441,448,459,464,475,484,486,500,507,513,539,544,567,575,578,605,608,621,637,648,675,676,686,704,725,736,783,784,800,832,833,845,847,867,875,891,928,931,968,972,1000,1029,1053,1088,1089,1125,1127,1156,1183,1215,1216,1225,1250,1323,1352,1372,1375,1377,1421,1445,1458,1472,1521,1539,1568,1573,1625,1701,1715,1856,1859,1863,1875,1936,2000,2023,2025,2057,2125,2299,2312,2349,2375,2500,2601,2662,2673,2704,2744,2783,2873,2875,3025,3087,3159,3179,3211,3267,3375,3509,3625,3645,3757,3773,3872,3887,3969,3993,4131,4225,4375,4394,4459,4563,4617,4624,4802,4901,5000

:12,18,20,24,28,36,40,44,45,48,50,52,54,56,63,68,72,75,76,80,88,92,96,99,100,104,108,112,116,117,124,135,136,144,148,152,153,160,162,164,171,172,175,176,184,188,189,192,200,207,208,212,216,224,225,232,236,248,250,261,272,275,279,288,296,297,304,320,324,325,328,333,344,351,352,368,369,375,376,387,400,405,416,423,424,425,432,448,459,464,472,475,477,486,496,500,513,531,544,567,575,592,608,621,648,656,675,688,704,725,736,752,775,783,800,832,837,848,875,891,925,928,944,972,992,999,1000,1025,1053,1075,1088,1107,1125,1161,1175,1184,1215,1216,1269,1312,1325,1375,1376,1377,1431,1458,1472,1475,1504,1539,1593,1625,1696,1701,1856,1863,1888,1984,2000,2025,2125,2349,2368,2375,2511,2624,2673,2752,2875,2997,3008,3159,3321,3375,3392,3483,3625,3645,3776,3807,3875,4131,4293,4617,4625,4779

:12,18,20,24,28,30,36,40,42,45,48,50,54,56,60,63,70,72,75,80,84,90,96,98,100,105,108,112,120,126,135,140,144,147,150,160,162,168,175,180,189,192,196,200,216,224,225,240,245,250,252,270,280,288,294,300,315,320,324,336,350,360,375,378,392,400,405,432,441,448,450,480,486,490,500,504,525,540,560,567,588,600,648,672,675,686,700,720,735,750,756,784,800,810,875,882,900,945,972,980,1000,1008,1029,1080,1120,1125,1134,1176,1200,1215,1225,1250,1323,1350,1372,1400,1458,1500,1512,1568,1575,1620,1701,1715,1750,1764,1800,1875,1960,2000,2025,2058,2205,2250,2268,2352,2430,2450,2500,2625,2646,2700,2744,2800,2835,3000,3087,3375,3402,3430,3500,3528,3645,3675,3750,3920,3969,4050,4116,4375,4500,4725,4802,4900,5000

:12,18,20,24,28,30,36,40,42,44,45,48,50,52,54,56,60,63,66,68,70,72,75,76,78,80,84,88,90,92,96,98,99,100,102,104,105,108,110,112,114,116,117,120,126,130,132,135,136,138,140,144,147,150,152,153,154,156,160,162,165,168,170,171,174,175,176,180,182,184,189,190,192,195,196,198,200,204,207,208,216,220,224,225,228,230,231,232,234,238,240,242,245,250,252,255,260,261,264,266,270,272,273,275,276,280,285,286,288,290,294,297,300,304,306,308,312,315,320,322,324,325,336,338,340,342,345,348,350,351,352,357,360,363,364,368,374,375,378,380,385,392,396,399,400,405,406,408,414,416,418,425,429,432,435,440,441,442,448,450,455,456,459,460,464,468,475,476,480,483,484,486,490,494,495,500,504,506,507,513,520,522,525,528,532,539,540,544,550,552,560,561,567,572,575,578,580,585,588,594,595,598,600,605,608,609,612,616,621,624,627,637,638,644,646,648,650,663,665,672,675,676,680,684,686,693,696,700,702,704,715,720,725,726,728,735,736,741,748,750,754,756,759,760,765,782,783,784,792,800,805,810,812,816,819,825,828,832,833,836,845,847,850,855,867,874,875,880,882,884,891,897,900,912,918,920,928,931,935,936,945,950,952,957,968,969,972,975,980,986,988,1000,1001,1008,1012,1014,1015,1026,1029,1035,1040,1044,1045,1053,1056,1064,1071,1078,1080,1088,1089,1100,1102,1104,1105,1120,1125,1127,1131,1134,1144,1150,1156,1160,1173,1176,1183,1188,1196,1197,1200,1210,1215,1216,1224,1225,1232,1235,1242,1248,1250,1265,1274,1275,1276,1287,1288,1292,1300,1305,1309,1311,1323,1334,1350,1352,1360,1368,1372,1375,1377,1392,1400,1404,1421,1425,1445,1449,1450,1452,1456,1458,1463,1472,1479,1485,1495,1496,1500,1508,1512,1520,1521,1539,1547,1564,1566,1568,1573,1575,1584,1595,1615,1617,1620,1624,1625,1632,1653,1656,1666,1672,1683,1690,1694,1700,1701,1715,1725,1729,1734,1748,1750,1755,1760,1764,1768,1771,1782,1800,1815,1824,1827,1836,1840,1856,1859,1862,1863,1872,1875,1881,1885,1900,1904,1911,1925,1936,1955,1960,1972,1976,1989,2000,2001,2023,2024,2025,2028,2052,2057,2058,2079,2080,2088,2093,2106,2125,2128,2156,2175,2178,2185,2200,2204,2205,2208,2223,2233,2250,2254,2261,2268,2275,2277,2288,2295,2299,2300,2312,2320,2349,2352,2366,2375,2376,2392,2420,2430,2431,2448,2450,2457,2464,2465,2475,2484,2499,2500,2535,2541,2548,2552,2565,2576,2584,2600,2601,2625,2639,2646,2662,2668,2673,2691,2695,2700,2704,2717,2720,2736,2737,2744,2750,2754,2755,2783,2784,2793,2800,2808,2835,2842,2871,2873,2875,2890,2900,2904,2907,2912,2925,2975,2992,3000,3016,3025,3040,3042,3059,3078,3087,3105,3128,3132,3146,3159,3179,3185,3211,3213,3248,3250,3267,3289,3312,3325,3332,3335,3344,3375,3380,3381,3388,3393,3400,3402,3430,3451,3468,3496,3500,3509,3519,3528,3536,3549,3553,3564,3575,3591,3625,3645,3672,3675,3680,3718,3724,3726,3750,3757,3773,3800,3808,3825,3857,3861,3872,3887,3915,3920,3933,3944,3952,3969,3993,4025,4046,4048,4050,4056,4104,4114,4116,4125,4131,4147,4165,4176,4199,4212,4225,4235,4250,4256,4263,4275,4301,4312,4335,4347,4356,4375,4394,4400,4408,4437,4455,4459,4500,4508,4563,4576,4598,4600,4617,4624,4640,4655,4669,4675,4698,4719,4725,4732,4750,4784,4802,4807,4840,4851,4875,4900,4901,4959,4968,5000

:12,18,20,24,28,30,36,40,42,44,45,48,50,52,54,56,60,63,66,68,70,72,75,76,78,80,84,88,90,92,96,99,100,102,104,105,108,110,112,114,116,117,120,124,126,130,132,135,136,138,140,144,148,150,152,153,154,156,160,162,164,165,168,170,171,172,174,175,176,180,182,184,186,188,189,190,192,195,198,200,204,207,208,212,216,220,222,224,225,228,230,231,232,234,236,238,240,246,248,250,252,255,258,260,261,264,266,270,272,273,275,276,279,280,282,285,286,288,290,296,297,300,304,306,308,310,312,315,318,320,322,324,325,328,333,336,340,342,344,345,348,350,351,352,354,357,360,364,368,369,370,372,374,375,376,378,380,385,387,396,399,400,405,406,408,410,414,416,418,423,424,425,429,430,432,434,435,440,442,444,448,450,455,456,459,460,464,465,468,470,472,475,476,477,480,483,486,492,494,495,496,500,504,506,513,516,518,520,522,525,528,530,531,532,540,544,550,552,555,558,560,561,564,567,572,574,575,580,585,590,592,594,595,598,600,602,608,609,612,615,616,620,621,624,627,636,638,644,645,646,648,650,651,656,658,663,665,666,672,675,680,682,684,688,693,696,700,702,704,705,708,715,720,725,728,736,738,740,741,742,744,748,750,752,754,756,759,760,765,774,775,777,782,783,792,795,800,805,806,810,812,814,816,819,820,825,826,828,832,836,837,846,848,850,855,860,861,868,874,875,880,884,885,888,891,897,900,902,903,912,918,920,925,928,935,936,940,944,945,946,950,952,954,957,962,969,972,975,984,986,987,988,992,999,1000,1001,1008,1012,1015,1023,1025,1026,1032,1034,1035,1036,1040,1044,1045,1053,1054,1056,1060,1062,1064,1066,1071,1075,1080,1085,1088,1100,1102,1104,1105,1107,1113,1116,1118,1120,1125,1128,1131,1134,1144,1148,1150,1160,1161,1166,1173,1175,1178,1180,1184,1188,1196,1197,1200,1204,1209,1215,1216,1221,1222,1224,1232,1235,1239,1240,1242,1248,1258,1265,1269,1272,1275,1276,1287,1288,1292,1295,1298,1300,1305,1309,1311,1312,1316,1325,1332,1334,1350,1353,1360,1364,1368,1375,1376,1377,1378,1392,1394,1395,1400,1404,1406,1416,1419,1425,1426,1431,1435,1443,1449,1450,1456,1458,1462,1463,1472,1475,1476,1479,1480,1484,1485,1488,1495,1496,1500,1504,1505,1508,1512,1520,1534,1539,1547,1548,1550,1551,1558,1564,1566,1575,1581,1584,1593,1595,1598,1599,1612,1615,1620,1624,1625,1628,1632,1634,1640,1645,1652,1653,1656,1665,1672,1674,1677,1683,1692,1696,1700,1701,1702,1705,1720,1725,1729,1736,1748,1749,1750,1755,1760,1767,1768,1771,1776,1782,1786,1798,1800,1802,1804,1824,1827,1833,1836,1840,1845,1850,1855,1856,1863,1872,1880,1881,1885,1886,1887,1888,1892,1900,1904,1908,1924,1925,1935,1947,1953,1955,1968,1972,1976,1978,1984,1989,1998,2000,2001,2006,2014,2015,2024,2025,2035,2050,2052,2064,2065,2067,2068,2072,2079,2080,2088,2091,2093,2106,2108,2109,2115,2120,2124,2125,2128,2132,2139,2146,2150,2162,2175,2185,2193,2200,2204,2208,2214,2223,2232,2233,2236,2242,2250,2255,2256,2261,2268,2275,2277,2288,2294,2295,2296,2300,2301,2320,2322,2325,2331,2332,2337,2349,2350,2356,2360,2365,2368,2375,2376,2378,2385,2387,2392,2397,2405,2408,2430,2431,2438,2444,2448,2451,2457,2464,2465,2475,2480,2484,2494,2511,2516,2538,2542,2544,2552,2553,2565,2576,2583,2584,2585,2596,2600,2624,2625,2632,2635,2639,2650,2655,2664,2665,2666,2668,2673,2679,2691,2697,2700,2703,2709,2714,2717,2720,2726,2728,2736,2737,2750,2752,2754,2755,2756,2775,2784,2788,2795,2800,2808,2812,2821,2829,2832,2835,2849,2852,2862,2871,2875,2900,2907,2912,2914,2915,2924,2925,2945,2950,2952,2960,2961,2967,2968,2975,2976,2992,2997,3000,3008,3009,3016,3021,3034,3040,3055,3059,3068,3069,3074,3075,3078,3096,3100,3105,3116,3128,3132,3145,3157,3159,3182,3186,3196,3213,3219,3224,3225,3243,3245,3248,3250,3256,3268,3280,3286,3289,3304,3311,3312,3321,3325,3335,3339,3344,3348,3363,3367,3375,3384,3392,3393,3400,3402,3404,3422,3440,3441,3445,3451,3472,3478,3483,3485,3496,3500,3515,3519,3525,3526,3536,3552,3553,3564,3565,3567,3572,3575,3591,3596,3604,3608,3619,3625,3627,3645,3655,3657,3658,3663,3672,3680,3689,3700,3717,3726,3731,3741,3760,3772,3776,3784,3800,3807,3808,3813,3816,3825,3835,3848,3854,3857,3861,3875,3895,3913,3915,3922,3933,3936,3944,3952,3956,3975,3995,3996,3999,4012,4025,4028,4042,4048,4050,4059,4071,4081,4085,4089,4100,4104,4123,4125,4128,4131,4136,4144,4147,4176,4185,4199,4212,4216,4240,4248,4250,4255,4256,4257,4264,4275,4277,4292,4293,4300,4301,4324,4329,4346,4347,4366,4371,4400,4403,4408,4425,4428,4433,4437,4455,4464,4465,4472,4484,4495,4500,4505,4512,4543,4551,4558,4576,4588,4592,4600,4611,4617,4625,4640,4644,4653,4664,4669,4675,4698,4700,4712,4715,4720,4725,4743,4750,4756,4773,4779,4784,4797,4807,4816,4823,4838,4875,4876,4879,4888,4921,4929,4945,4959,4960,4968,4982,4988,4991,4995