proportionality:0404,0421,0422,0504,0521,0522,0529,0604,0629,0719,0721,0811,0818,0913,0917,0918,0921,0930,1010,1014,1018,1019,1021,1023,1028,1029,1110,1118,1127,1210,T1110,T1112,T1114,T1127
symmetry:0714
lines:0420,0520,1020,1216,course12_2,course12_2step
arithmetic_sequence:1116,1217,course11_2,course11_2step
extremum:1222
probability:1007,1022,1128,1207,1229,T1107
percents:0721,0811,0912,0918,1019,1110,1118,T1112,T1127
subtraction:0403,0425,0503,0607,0703,0817,0820,1002,1013,1202,T1102,T1124
number_writing:0303,0412,0415,0419,0512,0519,0702,0802,0814,0821,0902
volume:0418,0518,0711,0816,0827,1016,1111,1123,course08_2,course08_2step,course10_2,course10_2step
independent_events:1229
order:0311,1225,course03_2,course03_2step
sequence:1112,1116,1227,1228,course11_2,course11_2step
coordinates:0406,0424,0506,0524,0606,0624,0720,0819,1114,1120,1121,1122,1215,1216,1219,1230,T1115,course12_2,course12_2step
calculation:0410,0510,0610,0725,0726
tangent:1122,1220
scientific_notation:1011
triangles:0813,0828
percentage:0721,0811,0918,0924,1010,1110,1118,1210,T1110
methodical_calculation:0316,0428,0528,0628,0704,0722,0723,0728,0804,0822,0826,0904,1009,1012,1026,1109,1209,T1109,T1123
plane:0819,1114
inequalities:1225,T1117,T1121
events:1128,1229
geometric_vocabulary:0729
squareroot:0828,0911,1027,1129,T1123
addition:0316,0515,0525,0607,0614,0615,0703,0705,0706,0707,0805,0806,0807,0817,0905,0906,0907,1002,1102,1202,1204,T1102,T1125
area:0430,0530,0630,0813,0911,0923,1029,1129,T1130
cube:0304,0711,1230
recurrence_relation:1112,1116,1227,course11_2,course11_2step
line_equation:1216,course12_2,course12_2step
conversion:0405,0418,0505,0518,0605,0618,0708,0808,0827,0908,1016,1113,1119,1123,T1129,course10_2,course10_2step
clock:0317,0320,0614
affine_function:1017,1020,1216,1222,course12_2,course12_2step
vectors:1215
decimals:0303,0306,0315,0411,0412,0427,0511,0512,0515,0525,0611,0615,0625,0705,0706,0709,0710,0713,0722,0730,0805,0806,0809,0810,0812,0820,0822,0826,0905,0906,0909,0910,0912,0926,1001,1004,1015,1026,1101,1104,1115,1201,1204,1205,1211,T1101,T1104,T1113,course10_1,course10_1step,course11_1,course11_1step,course12_1,course12_1step,courseT11_1,courseT11_1step
mean:1009,1109,1209,T1109
fraction:0402,0409,0412,0502,0509,0602,0609,0621,0622,0706,0723,0727,0730,0806,0812,0817,0819,0820,0821,0824,0906,0912,0916,0923,0925,0926,0928,1002,1015,1102,1202,1226,T1102,course09_2,course09_2step
exponent:1130,1204,T1122
velocity:0818,0921,1018,1021,1117,T1114
pbsolving:0305,0309,0310,0408,0410,0413,0416,0423,0426,0429,0508,0510,0513,0516,0523,0526,0608,0610,0612,0613,0614,0616,0623,0626,0629,0816,0830,0920,0921,0924,0925,1006,1106,1206,T1106,course04_2,course04_2step,course05_2,course05_2step,course06_2,course06_2step,course08_2,course08_2step
altitude:0813
integers:0311,1002,1202,T1102,course03_2,course03_2step
skill_reasoning:0817
geometric_sequence:1112,1228
intervals:T1121
logarithm:1224
masse:0426,0526,0618,0626
perimeter:1129
geometry:0430,0530,0620,0630
relative_number:0717,0914
number_line:0302,0424,0524,0624,0720,0925
line:1020,1122,1125
angles:0714,0724,0828,0916,course09_2,course09_2step
power:0823,0922,1004,1011,1013,1104,1130,1204,T1104,T1122
equations:0403,0503,0927,1005,1027,1105,1121,1125,1205,1212,1214,1218,1224,T1105,T1116,T1124,courseT11_2,courseT11_2step
derivative:1218,1220
primes:0824,1024
numeration:0619
direction:1122
rational_number:0512
circle:0718,0729,T1130
skill_calculate:0725,0726
literal_calculation:0829,0929,1003,1008,1025,1103,1108,1124,1203,1208,1223,T1103,T1108,T1120,T1128
spatial_skill:1230
measurement:0816,course08_2,course08_2step
factorization:0915,1124,T1120
divisibility:0408,0508,0608
multiplication:0303,0307,0308,0309,0310,0319,0401,0411,0416,0417,0501,0511,0516,0517,0601,0611,0616,0617,0621,0622,0625,0627,0628,0701,0707,0709,0710,0711,0713,0723,0727,0801,0807,0809,0810,0817,0822,0826,0901,0907,0909,0910,0914,0922,0923,0926,0929,1001,1011,1012,1026,1101,1130,1201,1226,T1101,T1124,course04_1,course04_1step,course04_2,course04_2step,course05_1,course05_1step,course05_2,course05_2step,course06_1,course06_1step,course06_2,course06_2step,course07_1,course07_1step,course08_1,course08_1step,course09_1,course09_1step,course10_1,course10_1step,course11_1,course11_1step,course12_1,course12_1step,courseT11_1,courseT11_1step
limit:1228
2_shape:0813
mental_calculation:0306,0311,0313,0314,0315,0316,0317,0318,0319,0320,0401,0402,0403,0404,0405,0406,0407,0409,0411,0412,0413,0414,0415,0416,0417,0418,0419,0421,0422,0425,0427,0428,0429,0501,0502,0503,0504,0505,0506,0507,0509,0511,0512,0513,0514,0516,0517,0518,0519,0521,0522,0525,0527,0528,0529,0603,0604,0605,0606,0607,0609,0611,0613,0702,0703,0704,0705,0706,0707,0708,0709,0710,0711,0715,0721,0730,0801,0802,0803,0804,0805,0806,0807,0808,0809,0810,0811,0812,0813,0814,0815,0816,0817,0818,0819,0820,0821,0822,0823,0824,0825,0826,0827,0828,0829,0830,0901,0902,0903,0904,0905,0906,0907,0908,0909,0910,0911,0912,0913,0914,0915,0916,0917,0918,0919,0920,0921,0922,0923,0924,0925,0926,0927,0928,0929,0930,1001,1002,1003,1004,1005,1006,1007,1008,1009,1010,1011,1012,1013,1014,1015,1016,1017,1018,1019,1020,1021,1022,1023,1024,1025,1026,1027,1028,1029,1030,1101,1102,1103,1104,1105,1106,1107,1108,1109,1110,1111,1112,1113,1114,1115,1116,1117,1118,1119,1120,1121,1122,1123,1124,1125,1126,1127,1128,1129,1130,1201,1202,1203,1204,1205,1206,1207,1208,1209,1210,1211,1212,1213,1214,1215,1216,1217,1218,1219,1220,1221,1222,1223,1224,1225,1226,1227,1228,1229,1230,T1101,T1102,T1103,T1104,T1105,T1106,T1107,T1108,T1109,T1110,T1111,T1112,T1113,T1114,T1115,T1116,T1117,T1119,T1120,T1122,T1123,T1124,T1125,T1127,T1128,T1129,T1130,course03_2,course03_2step,course04_1,course04_1step,course04_2,course04_2step,course05_1,course05_1step,course05_2,course05_2step,course08_1,course08_1step,course08_2,course08_2step,course09_1,course09_1step,course09_2,course09_2step,course10_1,course10_1step,course10_2,course10_2step,course11_1,course11_1step,course11_2,course11_2step,course12_1,course12_1step,course12_2,course12_2step,courseT11_1,courseT11_1step,courseT11_2,courseT11_2step
3_shape:1230
time:0317,0405,0414,0426,0505,0514,0526,0605,0612,0626,0712,0818,0921,1119,T1129
python:1030,1126,T1119
distance:0921
division:0314,0319,0402,0409,0411,0421,0422,0502,0509,0511,0521,0522,0527,0602,0609,0627,0715,0727,0814,0815,0820,0916,0919,0922,0928,1130,course09_2,course09_2step
functions:1017,1120,1121,1122,1213,1219,1222,T1115,T1116,T1117,courseT11_2,courseT11_2step
descriptive_statistics:1107
trigonometry:1221
length:0313,0420,0426,0520,0526,0618,0620,0626,0708,0718,0808,0828,0908,0913,1113
rectangles:0923,T1130
median:0825
priority_rule:0707,0726,0807,0907
