:423.000000,0.8484
428.000000,0.8491
433.000000,0.8508
438.000000,0.8543
443.000000,0.8613
448.000000,0.8648
453.000000,0.8655
458.000000,0.8665
463.000000,0.8943
468.000000,0.9133
473.000000,0.9282
478.000000,0.9378
483.000000,0.9448
488.000000,0.9506
493.000000,0.9560
498.000000,0.9590
503.000000,0.9615
508.000000,0.9608
513.000000,0.9604
518.000000,0.9601
523.000000,0.9585
528.000000,0.9544
533.000000,0.9498
538.000000,0.9381
543.000000,0.9216
548.000000,0.8995
553.000000,0.8615
558.000000,0.6980
563.000000,0.6568
568.000000,0.8257
573.000000,0.8834
578.000000,0.9149
583.000000,0.9428
588.000000,0.9598
593.000000,0.9624
598.000000,0.9610
603.000000,0.9572
608.000000,0.9522
613.000000,0.9482
618.000000,0.9431
623.000000,0.9202
628.000000,0.8894
633.000000,0.7886
638.000000,0.6360
643.000000,0.5930
648.000000,0.7361
653.000000,0.8950
658.000000,0.9334
663.000000,0.9317
668.000000,0.9568
673.000000,0.9314
678.000000,0.9344
683.000000,0.9333
688.000000,0.9315
693.000000,0.9294
698.000000,0.9260
703.000000,0.9220
708.000000,0.9162
713.000000,0.9058
718.000000,0.8894
723.000000,0.8625
728.000000,0.8125
733.000000,0.7861
738.000000,0.6534
743.000000,0.5712
748.000000,0.7502
753.000000,0.8540
758.000000,0.8955
763.000000,0.9023
768.000000,0.9014
773.000000,0.8851
778.000000,0.8855
783.000000,0.9019
788.000000,0.9010
793.000000,0.8841
798.000000,0.8758
803.000000,0.9090
808.000000,0.9227
813.000000,0.9229
818.000000,0.9236
823.000000,0.9215
828.000000,0.9213
833.000000,0.9228
838.000000,0.9261
843.000000,0.9231
848.000000,0.9333
853.000000,0.8991
858.000000,0.8726
863.000000,0.8259
868.000000,0.7501
873.000000,0.8193
878.000000,0.8765
883.000000,0.9056
888.000000,0.9061
893.000000,0.9036
898.000000,0.8999
903.000000,0.8803
908.000000,0.8479
913.000000,0.8133
918.000000,0.8161
923.000000,0.8916
928.000000,0.9092
933.000000,0.9135
938.000000,0.9130
943.000000,0.9121
948.000000,0.9115
953.000000,0.9117
958.000000,0.9120
963.000000,0.9067
968.000000,0.8892
973.000000,0.8994
978.000000,0.9097
983.000000,0.9028
988.000000,0.8804
993.000000,0.8508
998.000000,0.8396
1003.000000,0.8809
1008.000000,0.8896
1013.000000,0.8865
1018.000000,0.9057
1023.000000,0.9018
1028.000000,0.8976
1033.000000,0.8930
1038.000000,0.8813
1043.000000,0.8548
1048.000000,0.8304
1053.000000,0.8542
1058.000000,0.8600
1063.000000,0.8468
1068.000000,0.8630
1073.000000,0.8828
1078.000000,0.9058
1083.000000,0.9144
1088.000000,0.9134
1093.000000,0.9062
1098.000000,0.8755
1103.000000,0.8908
1108.000000,0.9263
1113.000000,0.9364
1118.000000,0.9373
1123.000000,0.9358
1128.000000,0.9349
1133.000000,0.9336
1138.000000,0.9275
1143.000000,0.9195
1148.000000,0.9222
1153.000000,0.9194
1158.000000,0.9111
1163.000000,0.9062
1168.000000,0.9061
1173.000000,0.8970
1178.000000,0.8809
1183.000000,0.8665
1188.000000,0.8653
1193.000000,0.8608
1198.000000,0.8280
1203.000000,0.7713
1208.000000,0.6648
1213.000000,0.3997
1218.000000,0.3817
1223.000000,0.7070
1228.000000,0.7826
1233.000000,0.8574
1238.000000,0.8542
1243.000000,0.8289
1248.000000,0.7914
1253.000000,0.7370
1258.000000,0.3486
1263.000000,0.1765
1268.000000,0.5151
1273.000000,0.7582
1278.000000,0.7615
1283.000000,0.7402
1288.000000,0.7054
1293.000000,0.6882
1298.000000,0.7100
1303.000000,0.7796
1308.000000,0.8445
1313.000000,0.8565
1318.000000,0.8531
1323.000000,0.8495
1328.000000,0.8423
1333.000000,0.8315
1338.000000,0.8300
1343.000000,0.8356
1348.000000,0.8426
1353.000000,0.8304
1358.000000,0.8236
1363.000000,0.8377
1368.000000,0.8310
1373.000000,0.8103
1378.000000,0.6714
1383.000000,0.6903
1388.000000,0.8339
1393.000000,0.8548
1398.000000,0.8639
1403.000000,0.8584
1408.000000,0.8586
1413.000000,0.8514
1418.000000,0.8336
1423.000000,0.7881
1428.000000,0.6786
1433.000000,0.6190
1438.000000,0.5442
1443.000000,0.6000
1448.000000,0.6281
1453.000000,0.5544
1458.000000,0.4270
1463.000000,0.4084
1468.000000,0.3510
1473.000000,0.6907
1478.000000,0.7593
1483.000000,0.8059
1488.000000,0.8214
1493.000000,0.8269
1498.000000,0.8337
1503.000000,0.8418
1508.000000,0.8516
1513.000000,0.8619
1518.000000,0.8697
1523.000000,0.8750
1528.000000,0.8636
1533.000000,0.8339
1538.000000,0.8090
1543.000000,0.8052
1548.000000,0.7881
1553.000000,0.7722
1558.000000,0.8434
1563.000000,0.7830
1568.000000,0.8443
1573.000000,0.8416
1578.000000,0.8398
1583.000000,0.8399
1588.000000,0.8453
1593.000000,0.8465
1598.000000,0.8558
1603.000000,0.8715
1608.000000,0.8826
1613.000000,0.8900
1618.000000,0.8873
1623.000000,0.8867
1628.000000,0.8890
1633.000000,0.8924
1638.000000,0.8950
1643.000000,0.8952
1648.000000,0.8949
1653.000000,0.8950
1658.000000,0.8938
1663.000000,0.8938
1668.000000,0.8936
1673.000000,0.8923
1678.000000,0.8922
1683.000000,0.8927
1688.000000,0.8938
1693.000000,0.8952
1698.000000,0.8954
1703.000000,0.8954
1708.000000,0.8954
1713.000000,0.8952
1718.000000,0.8948
1723.000000,0.8944
1728.000000,0.8940
1733.000000,0.8934
1738.000000,0.8928
1743.000000,0.8919
1748.000000,0.8912
1753.000000,0.8905
1758.000000,0.8902
1763.000000,0.8880
1768.000000,0.8879
1773.000000,0.8879
1778.000000,0.8896
1783.000000,0.8895
1788.000000,0.8891
1793.000000,0.8888
1798.000000,0.8885
1803.000000,0.8885
1808.000000,0.8901
1813.000000,0.8918
1818.000000,0.8917
1823.000000,0.8899
1828.000000,0.8898
1833.000000,0.8895
1838.000000,0.8909
1843.000000,0.8899
1848.000000,0.8882
1853.000000,0.8869
1858.000000,0.8863
1863.000000,0.8867
1868.000000,0.8888
1873.000000,0.8898
1878.000000,0.8879
1883.000000,0.8878
1888.000000,0.8860
1893.000000,0.8875
1898.000000,0.8874
1903.000000,0.8875
1908.000000,0.8866
1913.000000,0.8872
1918.000000,0.8879
1923.000000,0.8884
1928.000000,0.8889
1933.000000,0.8896
1938.000000,0.8900
1943.000000,0.8904
1948.000000,0.8908
1953.000000,0.8911
1958.000000,0.8915
1963.000000,0.8919
1968.000000,0.8923
1973.000000,0.8926
1978.000000,0.8930
1983.000000,0.8929
1988.000000,0.8932
1993.000000,0.8900
1998.000000,0.8622
2003.000000,0.8930
2008.000000,0.9029
2013.000000,0.9042
2018.000000,0.9046
2023.000000,0.9050
2028.000000,0.9046
2033.000000,0.9046
2038.000000,0.9052
2043.000000,0.9058
2048.000000,0.9062
2053.000000,0.9084
2058.000000,0.9071
2063.000000,0.9075
2068.000000,0.9078
2073.000000,0.9078
2078.000000,0.9077
2083.000000,0.9077
2088.000000,0.9075
2093.000000,0.9070
2098.000000,0.9056
2103.000000,0.9065
2108.000000,0.9062
2113.000000,0.9058
2118.000000,0.9055
2123.000000,0.9048
2128.000000,0.9041
2133.000000,0.9034
2138.000000,0.9026
2143.000000,0.9019
2148.000000,0.9013
2153.000000,0.9010
2158.000000,0.9008
2163.000000,0.9005
2168.000000,0.9003
2173.000000,0.9017
2178.000000,0.9011
2183.000000,0.9003
2188.000000,0.8995
2193.000000,0.9009
2198.000000,0.9012
2203.000000,0.9004
2208.000000,0.8997
2213.000000,0.8984
2218.000000,0.8974
2223.000000,0.8978
2228.000000,0.8966
2233.000000,0.8949
2238.000000,0.8951
2243.000000,0.8935
2248.000000,0.8936
2253.000000,0.8937
2258.000000,0.8943
2263.000000,0.8961
2268.000000,0.8967
2273.000000,0.8987
2278.000000,0.8991
2283.000000,0.8995
2288.000000,0.9002
2293.000000,0.8999
2298.000000,0.8996
2303.000000,0.8980
2308.000000,0.9016
2313.000000,0.9066
2318.000000,0.9129
2323.000000,0.9200
2328.000000,0.9238
2333.000000,0.9245
2338.000000,0.9260
2343.000000,0.9262
2348.000000,0.9254
2353.000000,0.9257
2358.000000,0.9215
2363.000000,0.9172
2368.000000,0.9160
2373.000000,0.9158
2378.000000,0.9105
2383.000000,0.9069
2388.000000,0.9052
2393.000000,0.9036
2398.000000,0.9044
2403.000000,0.9044
2408.000000,0.9040
2413.000000,0.9028
2418.000000,0.9029
2423.000000,0.9029
2428.000000,0.9029
2433.000000,0.9029
2438.000000,0.9031
2443.000000,0.9031
2448.000000,0.9031
2453.000000,0.9025
2458.000000,0.9023
2463.000000,0.9031
2468.000000,0.9031
2473.000000,0.9029
2478.000000,0.9026
2483.000000,0.9006
2488.000000,0.9002
2493.000000,0.8998
2498.000000,0.8996
2503.000000,0.8992
2508.000000,0.8989
2513.000000,0.8986
2518.000000,0.8985
2523.000000,0.8983
2528.000000,0.8982
2533.000000,0.8980
2538.000000,0.8980
2543.000000,0.8979
2548.000000,0.8977
2553.000000,0.8976
2558.000000,0.8975
2563.000000,0.8973
2568.000000,0.8973
2573.000000,0.8966
2578.000000,0.8959
2583.000000,0.8952
2588.000000,0.8946
2593.000000,0.8938
2598.000000,0.8931
2603.000000,0.8925
2608.000000,0.8916
2613.000000,0.8905
2618.000000,0.8893
2623.000000,0.8882
2628.000000,0.8870
2633.000000,0.8856
2638.000000,0.8817
2643.000000,0.8793
2648.000000,0.8778
2653.000000,0.8776
2658.000000,0.8831
2663.000000,0.8837
2668.000000,0.8829
2673.000000,0.8820
2678.000000,0.8809
2683.000000,0.8798
2688.000000,0.8787
2693.000000,0.8790
2698.000000,0.8803
2703.000000,0.8816
2708.000000,0.8819
2713.000000,0.8810
2718.000000,0.8769
2723.000000,0.8718
2728.000000,0.8664
2733.000000,0.8629
2738.000000,0.8628
2743.000000,0.8670
2748.000000,0.8751
2753.000000,0.8794
2758.000000,0.8795
2763.000000,0.8775
2768.000000,0.8755
2773.000000,0.8724
2778.000000,0.8693
2783.000000,0.8654
2788.000000,0.8611
2793.000000,0.8592
2798.000000,0.8556
2803.000000,0.8506
2808.000000,0.8441
2813.000000,0.8363
2818.000000,0.8248
2823.000000,0.8107
2828.000000,0.7750
2833.000000,0.6970
2838.000000,0.6186
2843.000000,0.6262
2848.000000,0.6856
2853.000000,0.6428
2858.000000,0.5616
2863.000000,0.4820
2868.000000,0.3923
2873.000000,0.2809
2878.000000,0.1877
2883.000000,0.2168
2888.000000,0.3403
2893.000000,0.4590
2898.000000,0.4795
2903.000000,0.4714
2908.000000,0.4636
2913.000000,0.4499
2918.000000,0.4303
2923.000000,0.3641
2928.000000,0.2582
2933.000000,0.1651
2938.000000,0.0818
2943.000000,0.0969
2948.000000,0.1660
2953.000000,0.2143
2958.000000,0.1897
2963.000000,0.0928
2968.000000,-0.0034
2973.000000,-0.0036
2978.000000,0.0285
2983.000000,0.2405
2988.000000,0.4527
2993.000000,0.5923
2998.000000,0.6696
3003.000000,0.6715
3008.000000,0.6710
3013.000000,0.6712
3018.000000,0.6833
3023.000000,0.7450
3028.000000,0.7923
3033.000000,0.8121
3038.000000,0.8390
3043.000000,0.8582
3048.000000,0.8619
3053.000000,0.8644
3058.000000,0.8689
3063.000000,0.8700
3068.000000,0.8754
3073.000000,0.8791
3078.000000,0.8772
3083.000000,0.8776
3088.000000,0.8809
3093.000000,0.8873
3098.000000,0.8837
3103.000000,0.8835
3108.000000,0.8832
3113.000000,0.8844
3118.000000,0.8858
3123.000000,0.8870
3128.000000,0.8883
3133.000000,0.8891
3138.000000,0.8896
3143.000000,0.8884
3148.000000,0.8889
3153.000000,0.8910
3158.000000,0.8901
3163.000000,0.8914
3168.000000,0.8900
3173.000000,0.8902
3178.000000,0.8905
3183.000000,0.8907
3188.000000,0.8927
3193.000000,0.8929
3198.000000,0.8918
3203.000000,0.8917
3208.000000,0.8923
3213.000000,0.8939
3218.000000,0.8946
3223.000000,0.8972
3228.000000,0.9003
3233.000000,0.9011
3238.000000,0.9009
3243.000000,0.9005
3248.000000,0.9003
3253.000000,0.9000
3258.000000,0.8997
3263.000000,0.8993
3268.000000,0.8989
3273.000000,0.8985
3278.000000,0.8977
3283.000000,0.8976
3288.000000,0.8956
3293.000000,0.8952
3298.000000,0.8949
3303.000000,0.8946
3308.000000,0.8958
3313.000000,0.8941
3318.000000,0.8939
3323.000000,0.8937
3328.000000,0.8935
3333.000000,0.8932
3338.000000,0.8947
3343.000000,0.8929
3348.000000,0.8924
3353.000000,0.8922
3358.000000,0.8922
3363.000000,0.8921
3368.000000,0.8922
3373.000000,0.8922
3378.000000,0.8921
3383.000000,0.8921
3388.000000,0.8921
3393.000000,0.8920
3398.000000,0.8920
3403.000000,0.8920
3408.000000,0.8920
3413.000000,0.8919
3418.000000,0.8919
3423.000000,0.8921
3428.000000,0.8925
3433.000000,0.8928
3438.000000,0.8931
3443.000000,0.8933
3448.000000,0.8938
3453.000000,0.8940
3458.000000,0.8943
3463.000000,0.8945
3468.000000,0.8949
3473.000000,0.8952
3478.000000,0.8955
3483.000000,0.8958
3488.000000,0.8961
3493.000000,0.8963
3498.000000,0.8963
3503.000000,0.8962
3508.000000,0.8962
3513.000000,0.8962
3518.000000,0.8960
3523.000000,0.8960
3528.000000,0.8960
3533.000000,0.8977
3538.000000,0.8965
3543.000000,0.8977
3548.000000,0.8976
3553.000000,0.8962
3558.000000,0.8960
3563.000000,0.8961
3568.000000,0.8963
3573.000000,0.8981
3578.000000,0.8981
3583.000000,0.8983
3588.000000,0.8987
3593.000000,0.8988
3598.000000,0.8971
3603.000000,0.8962
3608.000000,0.8938
3613.000000,0.8932
3618.000000,0.8908
3623.000000,0.8884
3628.000000,0.8849
3633.000000,0.8810
3638.000000,0.8774
3643.000000,0.8741
3648.000000,0.8712
3653.000000,0.8694
3658.000000,0.8706
3663.000000,0.8749
3668.000000,0.8804
3673.000000,0.8856
3678.000000,0.8885
3683.000000,0.8910
3688.000000,0.8941
3693.000000,0.8947
3698.000000,0.8972
3703.000000,0.8974
3708.000000,0.8973
3713.000000,0.8956
3718.000000,0.8939
3723.000000,0.8952
3728.000000,0.8949
3733.000000,0.8930
3738.000000,0.8954
3743.000000,0.8944
3748.000000,0.8948
3753.000000,0.8949
3758.000000,0.8951
3763.000000,0.8953