:450.0,95.075719
490.0,97.2058855
530.0,96.053198
570.0,98.211029
610.0,97.8882765
650.0,98.266358
690.0,98.2386935
730.0,98.266358
770.0,99.649583
810.0,94.4209925
850.0,97.2796575
890.0,79.0026445
930.0,96.883133
970.0,96.9845695
1010.0,95.75811
1050.0,96.4866085
1090.0,95.407693
1130.0,97.2243285
1170.0,98.045042
1210.0,96.920019
1250.0,97.436423
1290.0,97.2981005
1330.0,96.717146
1370.0,92.917888
1410.0,94.503986
1450.0,84.378779
1490.0,93.8861455
1530.0,97.749954
1570.0,98.395459
1610.0,98.1833645
1650.0,91.5623275
1690.0,98.1557
1730.0,98.52456
1770.0,98.6444395
1810.0,98.838091
1850.0,99.299166
1890.0,99.502039
1930.0,99.649583
1970.0,99.7325765
2010.0,99.723355
2050.0,99.6772475
2090.0,99.6956905
2130.0,99.7510195
2170.0,99.797127
2210.0,99.8432345
2250.0,99.8063485
2290.0,99.9170065
2330.0,100
2370.0,99.9907785
2410.0,99.81557
2450.0,99.834013
2490.0,99.9354495
2530.0,99.9170065
2570.0,99.7694625
2610.0,99.81557
2650.0,99.649583
2690.0,99.391381
2730.0,98.432345
2770.0,98.2202505
2810.0,96.901576
2850.0,85.4023655
2890.0,56.013445
2930.0,45.1228535
2970.0,13.059698
3010.0,80.487306
3050.0,92.087953
3090.0,89.5335975
3130.0,98.653661
3170.0,98.6628825
3210.0,99.280723
3250.0,99.575811
3290.0,99.63114
3330.0,99.5481465
3370.0,99.6034755
3410.0,99.612697
3450.0,99.6034755
3490.0,99.8432345
3530.0,99.649583
3570.0,99.7325765
3610.0,99.963114
3650.0,99.741798
3690.0,99.63114
3730.0,99.852456
3770.0,99.760241
3810.0,99.557368
3850.0,99.5481465
3890.0,99.7325765
3930.0,99.6956905