:500.4619,289541255
506.2475,370231567
512.0332,464607262
517.8189,577300425
523.6046,702044826
529.3903,854869897
535.1760,1015114468
540.9617,1186682351
546.7473,1366791199
552.5330,1547036483
558.3187,1723140211
564.1044,1894822220
569.8901,2069217819
575.6758,2232322501
581.4615,2399502450
587.2471,2568231031
593.0328,2725458248
598.8185,2878132242
604.6042,3028201086
610.3899,3173820106
616.1756,3302315579
621.9613,3424054691
627.7469,3535611104
633.5326,3654827442
639.3183,3763102103
645.1040,3860864773
650.8897,3944086307
656.6754,4011706538
662.4611,4073589602
668.2467,4129047742
674.0324,4179393831
679.8181,4238209235
685.6038,4278494258
691.3895,4320964399
697.1752,4363778632
702.9609,4406867024
708.7466,4440593691
714.5322,4462374504
720.3179,4495030279
726.1036,4514057921
731.8893,4535881639
737.6750,4549227032
743.4607,4559073147
749.2464,4568494509
755.0320,4572345602
760.8177,4580107854
766.6034,4582185711
772.3891,4583288352
778.1748,4580378580
783.9605,4568020416
789.7462,4547958779
795.5318,4521167598
801.3175,4489073012
807.1032,4460294931
812.8889,4429489191
818.6746,4409631350
824.4603,4428942590
830.2460,4455104794
836.0316,4469358900
841.8173,4463585693
847.6030,4470215271
853.3887,4493188396
859.1744,4487242284
864.9601,4476383627
870.7458,4434241704
876.5314,4429390511
882.3171,4459029682
888.1028,4437756427
893.8885,4399240350
899.6742,4357342982
905.4599,4369005238
911.2456,4372344053
917.0313,4358031168
922.8169,4333494609
928.6026,4303043259
934.3883,4273976432
940.1740,4255298460
945.9597,4224760014
951.7454,4178513863
957.5311,4105389006
963.3167,3999434612
969.1024,3897043422
974.8881,3919153741
980.6738,4002796595
986.4595,4053945424
992.2452,4076299439
998.0309,4083730470
1003.8165,4078701653
1009.6022,4065551904
1015.3879,4043498648
1021.1736,4028774310
1026.9593,4026802427
1032.7450,4026660414
1038.5307,4027599161
1044.3163,4026198334
1050.1020,4018149052
1055.8877,4002172337
1061.6734,3968571809
1067.4591,3935095704
1073.2448,3938963100
1079.0305,3949448490
1084.8161,3946098520
1090.6018,3930054445
1096.3875,3906315477
1102.1732,3877441720
1107.9589,3846427894
1113.7446,3820918265
1119.5303,3799376858
1125.3159,3768482735
1131.1016,3707172873
1136.8873,3571799407
1142.6730,3366029585
1148.4587,2846394406
1154.2444,1656664560
1160.0301,1590044000
1165.8158,1141311019
1171.6014,1362281310
1177.3871,2848539194
1183.1728,3532065919
1188.9585,3794522662
1194.7442,3909070365
1200.5299,3954770343
1206.3156,3989406153
1212.1012,4031065831
1217.8869,4051021065
1223.6726,4064933653
1229.4583,4069321050
1235.2440,4072739238
1241.0297,4073166994
1246.8154,4071467983
1252.6010,4062376984
1258.3867,4037415243
1264.1724,4029301605
1269.9581,4039789569
1275.7438,4031879297
1281.5295,4019025588
1287.3152,4002664450
1293.1008,3981156508
1298.8865,3956208926
1304.6722,3921678232
1310.4579,3879167761
1316.2436,3826166323
1322.0293,3768556531
1327.8150,3699741414
1333.6006,3613011164
1339.3863,3522864227
1345.1720,3378722617
1350.9577,3186906571
1356.7434,2874126694
1362.5291,2310679327
1368.3148,1393755392
1374.1005,1279914967
1379.8861,1624505296
1385.6718,1858328652
1391.4575,2215976379
1397.2432,2465283158
1403.0289,2549104065
1408.8146,2526000511
1414.6003,2408750908
1420.3859,2230771509
1426.1716,1955767609
1431.9573,1634239968
1437.7430,1309282661
1443.5287,1067669379
1449.3144,975664042
1455.1001,1056869501
1460.8857,1313430544
1466.6714,1628198930
1472.4571,1937179307
1478.2428,2151875161
1484.0285,2328148040
1489.8142,2474087985
1495.5999,2607413842
1501.3855,2756782272
1507.1712,2913336534
1512.9569,2961795905
1518.7426,3026599038
1524.5283,3073015734
1530.3140,3115693531
1536.0997,3166013019
1541.8853,3225267549
1547.6710,3253320976
1553.4567,3304756406
1559.2424,3367355543
1565.0281,3335772592
1570.8138,3328134548
1576.5995,3446145060
1582.3851,3514335060
1588.1708,3587246254
1593.9565,3642054393
1599.7422,3681241066
1605.5279,3716801892
1611.3136,3749835225
1617.0993,3811193140
1622.8850,3804910659
1628.6706,3822659752
1634.4563,3817301859
1640.2420,3829935898
1646.0277,3852596679
1651.8134,3828544939
1657.5991,3850543707
1663.3848,3879651722
1669.1704,3894310416
1674.9561,3890726188
1680.7418,3909703204
1686.5275,3921053116
1692.3132,3926859788
1698.0989,3942687625
1703.8846,3945614988
1709.6702,3946223371
1715.4559,3960898369
1721.2416,3942748550
1727.0273,3943579606
1732.8130,3943138121
1738.5987,3940436435
1744.3844,3956870081
1750.1700,3946252975
1755.9557,3938854552
1761.7414,3964711706
1767.5271,3948524760
1773.3128,3971469997
1779.0985,3943692016
1784.8842,3951658921
1790.6698,3941377756
1796.4555,3943646537
1802.2412,3943678715
1808.0269,3930917680
1813.8126,3922015031
1819.5983,3915798193
1825.3840,3925927906
1831.1696,3911900334
1836.9553,3906771980
1842.7410,3896323917
1848.5267,3906576765
1854.3124,3889816187
1860.0981,3880073901
1865.8838,3862952498
1871.6695,3841927659
1877.4551,3837813991
1883.2408,3857011964
1889.0265,3865737847
1894.8122,3858436388
1900.5979,3840921123
1906.3836,3816689185
1912.1693,3794576292
1917.9549,3803051185
1923.7406,3809914591
1929.5263,3814380074
1935.3120,3823686024
1941.0977,3825844112
1946.8834,3832586098
1952.6691,3830461047
1958.4547,3834264516
1964.2404,3834877619
1970.0261,3834293691
1975.8118,3832250586
1981.5975,3827490351
1987.3832,3823882525
1993.1689,3823433317
1998.9545,3819597241
2004.7402,3819894997
2010.5259,3818596712
2016.3116,3819674469
2022.0973,3816086808
2027.8830,3811096605
2033.6687,3807283268
2039.4543,3800977189
2045.2400,3791838996
2051.0257,3774549408
2056.8114,3742735416
2062.5971,3734905805
2068.3828,3746876113
2074.1685,3757246520
2079.9542,3762283059
2085.7398,3761283817
2091.5255,3757701305
2097.3112,3753678595
2103.0969,3751711861
2108.8826,3752601267
2114.6683,3752874139
2120.4540,3751496052
2126.2396,3747820438
2132.0253,3740733929
2137.8110,3728640056
2143.5967,3713304331
2149.3824,3723237542
2155.1681,3733198641
2160.9538,3735902043
2166.7394,3735043528
2172.5251,3733575770
2178.3108,3730570751
2184.0965,3728971706
2189.8822,3727178734
2195.6679,3722622723
2201.4536,3720439751
2207.2392,3715631462
2213.0249,3712090997
2218.8106,3707310167
2224.5963,3700661712
2230.3820,3694034279
2236.1677,3685982423
2241.9534,3672424225
2247.7390,3651790674
2253.5247,3644740634
2259.3104,3659429361
2265.0961,3665519202
2270.8818,3661441145
2276.6675,3660208075
2282.4532,3661027976
2288.2388,3657477643
2294.0245,3654034141
2299.8102,3647590340
2305.5959,3641840301
2311.3816,3639350992
2317.1673,3634489502
2322.9530,3632357585
2328.7387,3630344085
2334.5243,3625866589
2340.3100,3623331372
2346.0957,3621655100
2351.8814,3605323994
2357.6671,3598952058
2363.4528,3596852963
2369.2385,3590935598
2375.0241,3582073708
2380.8098,3567005492
2386.5955,3551788612
2392.3812,3537207146
2398.1669,3527753390
2403.9526,3521953368
2409.7383,3518088975
2415.5239,3520407740
2421.3096,3516368297
2427.0953,3496857552
2432.8810,3473716027
2438.6667,3499503676
2444.4524,3518954355
2450.2381,3524974691
2456.0237,3525728306
2461.8094,3527652136
2467.5951,3527879100
2473.3808,3525727233
2479.1665,3521361074
2484.9522,3515923808
2490.7379,3508873124
2496.5235,3501949867
2502.3092,3494046031
2508.0949,3485593877
2513.8806,3477601658
2519.6663,3461370949
2525.4520,3462373838
2531.2377,3476608852
2537.0234,3472660581
2542.8090,3455398881
2548.5947,3456104228
2554.3804,3467793728
2560.1661,3472469442
2565.9518,3476180023
2571.7375,3476526261
2577.5232,3471770316
2583.3088,3465034336
2589.0945,3456597199
2594.8802,3448550706
2600.6659,3439637330
2606.4516,3433684783
2612.2373,3428952221
2618.0230,3424167744
2623.8086,3419855644
2629.5943,3414286448
2635.3800,3407210880
2641.1657,3413268971
2646.9514,3416101944
2652.7371,3418505660
2658.5228,3416007340
2664.3084,3410410041
2670.0941,3399905773
2675.8798,3387729738
2681.6655,3371487231
2687.4512,3348928562
2693.2369,3318490941
2699.0226,3274023604
2704.8082,3202208401
2710.5939,3082315033
2716.3796,2844082721
2722.1653,2396268107
2727.9510,2296901887
2733.7367,2669366196
2739.5224,2865579936
2745.3080,2901006258
2751.0937,2861500807
2756.8794,2838016906
2762.6651,2892285738
2768.4508,2928926896
2774.2365,2922967270
2780.0222,2892229962
2785.8079,2832186636
2791.5935,2739291892
2797.3792,2618165882
2803.1649,2483337945
2808.9506,2343527742
2814.7363,2195265600
2820.5220,2022974028
2826.3077,1821872412
2832.0933,1588339947
2837.8790,1306277856
2843.6647,976378292
2849.4504,651874805
2855.2361,449903197
2861.0218,390391643
2866.8075,405649603
2872.5931,442574788
2878.3788,464994742
2884.1645,472450389
2889.9502,466450271
2895.7359,442914322
2901.5216,409163709
2907.3073,372965780
2913.0929,348762722
2918.8786,341964906
2924.6643,355301718
2930.4500,391671372
2936.2357,470830428
2942.0214,600534355
2947.8071,743062440
2953.5927,849298930
2959.3784,892508634
2965.1641,870742784
2970.9498,794167399
2976.7355,665709093
2982.5212,538051059
2988.3069,464965996
2994.0926,442209404
2999.8782,468964465
3005.6639,565368570
3011.4496,734317786
3017.2353,948567703
3023.0210,1177554454
3028.8067,1401781398
3034.5924,1606996038
3040.3780,1763394558
3046.1637,1882411069
3051.9494,2049925672
3057.7351,2219316481
3063.5208,2364673786
3069.3065,2480690318
3075.0922,2572456464
3080.8778,2644746403
3086.6635,2702677549
3092.4492,2751808587
3098.2349,2796857922
3104.0206,2839900406
3109.8063,2875662240
3115.5920,2908891860
3121.3776,2934875796
3127.1633,2960294039
3132.9490,2983815696
3138.7347,3002659279
3144.5204,3022471212
3150.3061,3035002281
3156.0918,3050117691
3161.8774,3058244630
3167.6631,3065446766
3173.4488,3070559246
3179.2345,3074456461
3185.0202,3077618510
3190.8059,3078154600
3196.5916,3078642851
3202.3772,3077741002
3208.1629,3077717405
3213.9486,3079149337
3219.7343,3076630424
3225.5200,3073660586
3231.3057,3071534247
3237.0914,3068198650
3242.8771,3066681767
3248.6627,3067696025
3254.4484,3068075085
3260.2341,3068165828
3266.0198,3067339061
3271.8055,3065331568
3277.5912,3065350660
3283.3769,3064113728
3289.1625,3061721812
3294.9482,3060674731
3300.7339,3060457850
3306.5196,3056595173
3312.3053,3056140387
3318.0910,3053748685
3323.8767,3051808980
3329.6623,3048471238
3335.4480,3044546778
3341.2337,3042049961
3347.0194,3040124200
3352.8051,3035759757
3358.5908,3032037377
3364.3765,3030190131
3370.1621,3028536383
3375.9478,3025935308
3381.7335,3021385089
3387.5192,3015791008
3393.3049,3010929947
3399.0906,3002212215
3404.8763,2994357076
3410.6619,2992662998
3416.4476,2993222042
3422.2333,2997794142
3428.0190,3004508241
3433.8047,3012276928
3439.5904,3017826389
3445.3761,3021718027
3451.1618,3031862756
3456.9474,3035415878
3462.7331,3040883821
3468.5188,3041086544
3474.3045,3042780622
3480.0902,3043472025
3485.8759,3042495951
3491.6616,3042936150
3497.4472,3045729865
3503.2329,3054398042
3509.0186,3054850897
3514.8043,3048149026
3520.5900,3046926896
3526.3757,3051754921
3532.1614,3050408797
3537.9470,3048868961
3543.7327,3047478217
3549.5184,3042946232
3555.3041,3046801830
3561.0898,3050293814
3566.8755,3075336000
3572.6612,3047070411
3578.4468,3041833294
3584.2325,3001796902
3590.0182,3054029923
3595.8039,3073541312
3601.5896,3066814341
3607.3753,3062470707
3613.1610,3073708853
3618.9466,3085767974
3624.7323,3058467089
3630.5180,3093618823
3636.3037,3069067248
3642.0894,3078056778
3647.8751,3088398653
3653.6608,3063486681
3659.4464,3074410554
3665.2321,3064408481
3671.0178,3113646137
3676.8035,3096999041
3682.5892,3061748412
3688.3749,3109813922
3694.1606,3060823609
3699.9463,3046747985
3705.7319,3059136826
3711.5176,3097708464
3717.3033,3048774571
3723.0890,3063743464
3728.8747,3043555688
3734.6604,3087034081
3740.4461,3047841402
3746.2317,3043333658
3752.0174,3114853250
3757.8031,3025619318
3763.5888,3019881721
3769.3745,3052180103
3775.1602,3015731156
3780.9459,3013101979
3786.7315,3003162546
3792.5172,2991655819
3798.3029,2980322640
3804.0886,2977256052
3809.8743,2981046221
3815.6600,3025514416
3821.4457,3047069982
3827.2313,2986907811
3833.0170,2951313519
3838.8027,2973648227
3844.5884,2964847905
3850.3741,2923750488
3856.1598,2958991464
3861.9455,2964567096
3867.7311,2925148097
3873.5168,2971650172
3879.3025,2942011430
3885.0882,2965073796
3890.8739,2964855199
3896.6596,2922641840
3902.4453,2948771222
3908.2310,2931880859
3914.0166,2921033786
3919.8023,2934229014
3925.5880,2925358543
3931.3737,2918878272
3937.1594,2913061088
3942.9451,2937231244
3948.7308,2923129448
3954.5164,2920136871
3960.3021,2920465304
3966.0878,2918797827
3971.8735,2915221322
3977.6592,2908023047
3983.4449,2905611395
3989.2306,2905679827
3995.0162,2911864058