:401.529704,0.8060
406.445061,0.8050
411.360418,0.8060
416.275775,0.8070
421.191132,0.8050
426.106488,0.7990
431.021845,0.7910
435.937202,0.7860
440.852559,0.7820
445.767916,0.7720
450.683272,0.7600
455.598629,0.7360
460.513986,0.7000
465.429343,0.6780
470.344700,0.6550
475.260056,0.6340
480.175413,0.5760
485.090770,0.5400
490.006127,0.5470
494.921484,0.5770
499.836841,0.6150
504.752197,0.6420
509.667554,0.6780
514.582911,0.7060
519.498268,0.7360
524.413625,0.7550
529.328981,0.7680
534.244338,0.7750
539.159695,0.7800
544.075052,0.7820
548.990409,0.7800
553.905765,0.7790
558.821122,0.7780
563.736479,0.7740
568.651836,0.7670
573.567193,0.7560
578.482550,0.7400
583.397906,0.7150
588.313263,0.6940
593.228620,0.6610
598.143977,0.6540
603.059334,0.6570
607.974690,0.6630
612.890047,0.6720
617.805404,0.6780
622.720761,0.6860
627.636118,0.6920
632.551474,0.6980
637.466831,0.7130
642.382188,0.7230
647.297545,0.7250
652.212902,0.7250
657.128258,0.7230
662.043615,0.7170
666.958972,0.7130
671.874329,0.7080
676.789686,0.7010
681.705043,0.7040
686.620399,0.7160
691.535756,0.7320
696.451113,0.7580
701.366470,0.7780
706.281827,0.7910
711.197183,0.7980
716.112540,0.7990
721.027897,0.7990
725.943254,0.7990
730.858611,0.7980
735.773967,0.7970
740.689324,0.7900
745.604681,0.7790
750.520038,0.7200
755.435395,0.6890
760.350752,0.7020
765.266108,0.7120
770.181465,0.6850
775.096822,0.6230
780.012179,0.4970
784.927536,0.4730
789.842892,0.5670
794.758249,0.6730
799.673606,0.7020
804.588963,0.7190
809.504320,0.7210
814.419676,0.7170
819.335033,0.7090
824.250390,0.7020
829.165747,0.6960
834.081104,0.6860
838.996460,0.6760
843.911817,0.6610
848.827174,0.6510
853.742531,0.6230
858.657888,0.5990
863.573245,0.5470
868.488601,0.5160
873.403958,0.4940
878.319315,0.4700
883.234672,0.4260
888.150029,0.3880
893.065385,0.3830
897.980742,0.3750
902.896099,0.3420
907.811456,0.3140
912.726813,0.2670
917.642169,0.2280
922.557526,0.1740
927.472883,0.1580
932.388240,0.1290
937.303597,0.1230
942.218954,0.1330
947.134310,0.1530
952.049667,0.1780
956.965024,0.2290
961.880381,0.2990
966.795738,0.3560
971.711094,0.4440
976.626451,0.5020
981.541808,0.5720
986.457165,0.6150
991.372522,0.6590
996.287878,0.6880
1001.203235,0.7130
1006.118592,0.7330
1011.033949,0.7590
1015.949306,0.7710
1020.864662,0.7720
1025.780019,0.7710
1030.695376,0.7660
1035.610733,0.7470
1040.526090,0.7130
1045.441447,0.6960
1050.356803,0.7020
1055.272160,0.7150
1060.187517,0.7210
1065.102874,0.7170
1070.018231,0.6880
1074.933587,0.6490
1079.848944,0.5920
1084.764301,0.5430
1089.679658,0.5250
1094.595015,0.4820
1099.510371,0.4770
1104.425728,0.4950
1109.341085,0.5451
1114.256442,0.6730
1119.171799,0.7510
1124.087156,0.7740
1129.002512,0.7740
1133.917869,0.7620
1138.833226,0.7500
1143.748583,0.7320
1148.663940,0.7280
1153.579296,0.7200
1158.494653,0.7090
1163.410010,0.6690
1168.325367,0.6430
1173.240724,0.6040
1178.156080,0.5790
1183.071437,0.5380
1187.986794,0.5090
1192.902151,0.4580
1197.817508,0.4000
1202.732864,0.3210
1207.648221,0.2320
1212.563578,0.1290
1217.478935,0.0760
1222.394292,0.0450
1227.309649,0.0760
1232.225005,0.1150
1237.140362,0.1180
1242.055719,0.1470
1246.971076,0.2201
1251.886433,0.3020
1256.801789,0.3010
1261.717146,0.2550
1266.632503,0.2130
1271.547860,0.1290
1276.463217,0.0750
1281.378573,0.0520
1286.293930,0.0550
1291.209287,0.0690
1296.124644,0.0910
1301.040001,0.1190
1305.955358,0.1310
1310.870714,0.1340
1315.786071,0.1570
1320.701428,0.2740
1325.616785,0.4091
1330.532142,0.4420
1335.447498,0.4180
1340.362855,0.3890
1345.278212,0.4070
1350.193569,0.4790
1355.108926,0.5090
1360.024282,0.5440
1364.939639,0.5790
1369.854996,0.5760
1374.770353,0.5600
1379.685710,0.5160
1384.601066,0.4040
1389.516423,0.4540
1394.431780,0.4550
1399.347137,0.4070
1404.262494,0.3049
1409.177851,0.1770
1414.093207,0.0550
1419.008564,0.0650
1423.923921,0.0980
1428.839278,0.1220
1433.754635,0.1330
1438.669991,0.1550
1443.585348,0.2010
1448.500705,0.2480
1453.416062,0.2580
1458.331419,0.2310
1463.246775,0.2000
1468.162132,0.2210
1473.077489,0.2822
1477.992846,0.5000
1482.908203,0.5920
1487.823560,0.6330
1492.738916,0.6660
1497.654273,0.6880
1502.569630,0.6980
1507.484987,0.7080
1512.400344,0.7190
1517.315700,0.7240
1522.231057,0.7310
1527.146414,0.7470
1532.061771,0.7510
1536.977128,0.7540
1541.892484,0.7540
1546.807841,0.7520
1551.723198,0.7450
1556.638555,0.7410
1561.553912,0.7330
1566.469268,0.7290
1571.384625,0.7230
1576.299982,0.7190
1581.215339,0.7170
1586.130696,0.7130
1591.046053,0.7110
1595.961409,0.7000
1600.876766,0.6940
1605.792123,0.6860
1610.707480,0.6730
1615.622837,0.6630
1620.538193,0.6540
1625.453550,0.6450
1630.368907,0.6220
1635.284264,0.6020
1640.199621,0.5790
1645.114977,0.5560
1650.030334,0.5260
1654.945691,0.5010
1659.861048,0.4700
1664.776405,0.4320
1669.691762,0.3890
1674.607118,0.3520
1679.522475,0.3069
1684.437832,0.2270
1689.353189,0.1529
1694.268546,0.0640
1699.183902,0.0140
1704.099259,0.0090
1709.014616,0.0050
1713.929973,0.0050
1718.845330,0.0060
1723.760686,0.0080
1728.676043,0.0160
1733.591400,0.0510
1738.506757,0.1200
1743.422114,0.1940
1748.337470,0.2290
1753.252827,0.2800
1758.168184,0.3180
1763.083541,0.3520
1767.998898,0.3840
1772.914255,0.4420
1777.829611,0.4810
1782.744968,0.5260
1787.660325,0.5520
1792.575682,0.5710
1797.491039,0.5760
1802.406395,0.5800
1807.321752,0.5900
1812.237109,0.5940
1817.152466,0.5960
1822.067823,0.6200
1826.983179,0.6310
1831.898536,0.6370
1836.813893,0.6470
1841.729250,0.6510
1846.644607,0.6610
1851.559964,0.6650
1856.475320,0.6690
1861.390677,0.6760
1866.306034,0.6800
1871.221391,0.6850
1876.136748,0.6920
1881.052104,0.6940
1885.967461,0.6980
1890.882818,0.7020
1895.798175,0.7060
1900.713532,0.7090
1905.628888,0.7080
1910.544245,0.7120
1915.459602,0.7160
1920.374959,0.7190
1925.290316,0.7170
1930.205672,0.7200
1935.121029,0.7240
1940.036386,0.7240
1944.951743,0.7250
1949.867100,0.7280
1954.782457,0.7310
1959.697813,0.7280
1964.613170,0.7320
1969.528527,0.7360
1974.443884,0.7390
1979.359241,0.7400
1984.274597,0.7400
1989.189954,0.7430
1994.105311,0.7450
1999.020668,0.7510
2003.936025,0.7600
2008.851381,0.7690
2013.766738,0.7750
2018.682095,0.7780
2023.597452,0.7790
2028.512809,0.7790
2033.428166,0.7790
2038.343522,0.7795
2043.258879,0.7800
2048.174236,0.7825
2053.089593,0.7840
2058.004950,0.7830
2062.920306,0.7840
2067.835663,0.7840
2072.751020,0.7840
2077.666377,0.7830
2082.581734,0.7820
2087.497090,0.7795
2092.412447,0.7790
2097.327804,0.7780
2102.243161,0.7780
2107.158518,0.7755
2112.073874,0.7740
2116.989231,0.7720
2121.904588,0.7700
2126.819945,0.7680
2131.735302,0.7680
2136.650659,0.7670
2141.566015,0.7660
2146.481372,0.7640
2151.396729,0.7640
2156.312086,0.7649
2161.227443,0.7670
2166.142799,0.7670
2171.058156,0.7670
2175.973513,0.7680
2180.888870,0.7680
2185.804227,0.7666
2190.719583,0.7641
2195.634940,0.7630
2200.550297,0.7629
2205.465654,0.7620
2210.381011,0.7601
2215.296368,0.7590
2220.211724,0.7562
2225.127081,0.7531
2230.042438,0.7511
2234.957795,0.7500
2239.873152,0.7480
2244.788508,0.7461
2249.703865,0.7450
2254.619222,0.7450
2259.534579,0.7450
2264.449936,0.7450
2269.365292,0.7440
2274.280649,0.7430
2279.196006,0.7410
2284.111363,0.7396
2289.026720,0.7390
2293.942076,0.7382
2298.857433,0.7370
2303.772790,0.7360
2308.688147,0.7350
2313.603504,0.7326
2318.518861,0.7284
2323.434217,0.7250
2328.349574,0.7194
2333.264931,0.7108
2338.180288,0.7090
2343.095645,0.7040
2348.011001,0.7001
2352.926358,0.6970
2357.841715,0.6960
2362.757072,0.6912
2367.672429,0.6900
2372.587785,0.6872
2377.503142,0.6840
2382.418499,0.6776
2387.333856,0.6761
2392.249213,0.6715
2397.164570,0.6663
2402.079926,0.6595
2406.995283,0.6508
2411.910640,0.6460
2416.825997,0.6410
2421.741354,0.6336
2426.656710,0.6310
2431.572067,0.6239
2436.487424,0.6127
2441.402781,0.6036
2446.318138,0.6021
2451.233494,0.5958
2456.148851,0.5880
2461.064208,0.5819
2465.979565,0.5725
2470.894922,0.5676
2475.810278,0.5614
2480.725635,0.5488
2485.640992,0.5346
2490.556349,0.5242
2495.471706,0.5100
2500.387063,0.4961
2505.302419,0.4760
2510.217776,0.4573
2515.133133,0.4516
2520.048490,0.4343
2524.963847,0.4125
2529.879203,0.4083
2534.794560,0.3999
2539.709917,0.3889
2544.625274,0.3802
2549.540631,0.3663
2554.455987,0.3526
2559.371344,0.3426
2564.286701,0.3276
2569.202058,0.3227
2574.117415,0.3193
2579.032772,0.3187
2583.948128,0.3170
2588.863485,0.3140
2593.778842,0.3130
2598.694199,0.3097
2603.609556,0.2954
2608.524912,0.2807
2613.440269,0.2703
2618.355626,0.2663
2623.270983,0.2678
2628.186340,0.2700
2633.101696,0.2710
2638.017053,0.2694
2642.932410,0.2606
2647.847767,0.2527
2652.763124,0.2434
2657.678481,0.2324
2662.593837,0.2294
2667.509194,0.2290
2672.424551,0.2306
2677.339908,0.2313
2682.255265,0.2320
2687.170621,0.2350
2692.085978,0.2360
2697.001335,0.2376
2701.916692,0.2408
2706.832049,0.2440
2711.747405,0.2448
2716.662762,0.2470
2721.578119,0.2480
2726.493476,0.2500
2731.408833,0.2500
2736.324189,0.2494
2741.239546,0.2472
2746.154903,0.2440
2751.070260,0.2440
2755.985617,0.2450
2760.900974,0.2466
2765.816330,0.2470
2770.731687,0.2470
2775.647044,0.2444
2780.562401,0.2402
2785.477758,0.2384
2790.393114,0.2352
2795.308471,0.2320
2800.223828,0.2257
2805.139185,0.2149
2810.054542,0.2057
2814.969898,0.1967
2819.885255,0.1874
2824.800612,0.1795
2829.715969,0.1701
2834.631326,0.1617
2839.546683,0.1572
2844.462039,0.1450
2849.377396,0.1349
2854.292753,0.1280
2859.208110,0.1192
2864.123467,0.1012
2869.038823,0.0852
2873.954180,0.0660
2878.869537,0.0407
2883.784894,0.0265
2888.700251,0.0335
2893.615607,0.0330
2898.530964,0.0323
2903.446321,0.0298
2908.361678,0.0283
2913.277035,0.0280
2918.192391,0.0253
2923.107748,0.0243
2928.023105,0.0190
2932.938462,0.0128
2937.853819,0.0090
2942.769176,0.0105
2947.684532,0.0127
2952.599889,0.0130
2957.515246,0.0130
2962.430603,0.0098
2967.345960,0.0031
2972.261316,0.0000
2977.176673,0.0000
2982.092030,0.0049
2987.007387,0.0177
2991.922744,0.0297
2996.838100,0.0356
3001.753457,0.0519
3006.668814,0.0557
3011.584171,0.0590
3016.499528,0.0597
3021.414885,0.0590
3026.330241,0.0570
3031.245598,0.0560
3036.160955,0.0553
3041.076312,0.0550
3045.991669,0.0567
3050.907025,0.0592
3055.822382,0.0610
3060.737739,0.0640
3065.653096,0.0671
3070.568453,0.0694
3075.483809,0.0730
3080.399166,0.0730
3085.314523,0.0744
3090.229880,0.0762
3095.145237,0.0784
3100.060593,0.0792
3104.975950,0.0807
3109.891307,0.0832
3114.806664,0.0861
3119.722021,0.0910
3124.637378,0.0974
3129.552734,0.0992
3134.468091,0.1074
3139.383448,0.1125
3144.298805,0.1211
3149.214162,0.1275
3154.129518,0.1344
3159.044875,0.1432
3163.960232,0.1530
3168.875589,0.1572
3173.790946,0.1600
3178.706302,0.1697
3183.621659,0.1787
3188.537016,0.1910
3193.452373,0.1977
3198.367730,0.2055
3203.283087,0.2150
3208.198443,0.2215
3213.113800,0.2303
3218.029157,0.2416
3222.944514,0.2543
3227.859871,0.2681
3232.775227,0.2793
3237.690584,0.2936
3242.605941,0.3029
3247.521298,0.3152
3252.436655,0.3283
3257.352011,0.3386
3262.267368,0.3563
3267.182725,0.3669
3272.098082,0.3781
3277.013439,0.3933
3281.928795,0.4095
3286.844152,0.4261
3291.759509,0.4365
3296.674866,0.4479
3301.590223,0.4681
3306.505580,0.4838
3311.420936,0.4967
3316.336293,0.5094
3321.251650,0.5224
3326.167007,0.5288
3331.082364,0.5411
3335.997720,0.5484
3340.913077,0.5600
3345.828434,0.5675
3350.743791,0.5756
3355.659148,0.5792
3360.574504,0.5892
3365.489861,0.6038
3370.405218,0.6181
3375.320575,0.6315
3380.235932,0.6447
3385.151289,0.6612
3390.066645,0.6684
3394.982002,0.6801
3399.897359,0.6895
3404.812716,0.7042
3409.728073,0.7080
3414.643429,0.7123
3419.558786,0.7209
3424.474143,0.7281
3429.389500,0.7350
3434.304857,0.7444
3439.220213,0.7506
3444.135570,0.7603
3449.050927,0.7652
3453.966284,0.7673
3458.881641,0.7712
3463.796997,0.7800
3468.712354,0.7820
3473.627711,0.7833
3478.543068,0.7892
3483.458425,0.7910
3488.373782,0.7930
3493.289138,0.7952
3498.204495,0.7982
3503.119852,0.7990
3508.035209,0.7970
3512.950566,0.7949
3517.865922,0.7918
3522.781279,0.7858
3527.696636,0.7824
3532.611993,0.7801
3537.527350,0.7847
3542.442706,0.8016
3547.358063,0.8185
3552.273420,0.8311
3557.188777,0.8366
3562.104134,0.8440
3567.019491,0.8446
3571.934847,0.8461
3576.850204,0.8500
3581.765561,0.8530
3586.680918,0.8530
3591.596275,0.8561
3596.511631,0.8576
3601.426988,0.8611
3606.342345,0.8640
3611.257702,0.8640
3616.173059,0.8650
3621.088415,0.8661
3626.003772,0.8690
3630.919129,0.8680
3635.834486,0.8680
3640.749843,0.8700
3645.665199,0.8700
3650.580556,0.8660
3655.495913,0.8650
3660.411270,0.8619
3665.326627,0.8580
3670.241984,0.8580
3675.157340,0.8575
3680.072697,0.8621
3684.988054,0.8680
3689.903411,0.8700
3694.818768,0.8746
3699.734124,0.8811
3704.649481,0.8860
3709.564838,0.8870
3714.480195,0.8891
3719.395552,0.8930
3724.310908,0.8920
3729.226265,0.8930
3734.141622,0.8950
3739.056979,0.8930
3743.972336,0.8925
3748.887693,0.8910
3753.803049,0.8910
3758.718406,0.8930
3763.633763,0.8930
3768.549120,0.8930
3773.464477,0.8920
3778.379833,0.8920
3783.295190,0.8920
3788.210547,0.8930
3793.125904,0.8930
