:401.12,62422
424.26,69019
447.40,67577
470.54,59049
493.69,48667
516.83,58337
539.97,67755
563.11,67313
586.25,57718
609.39,51906
632.54,53751
655.68,54910
678.82,60836
701.96,63676
725.10,62499
748.24,59826
771.39,55555
794.53,50454
817.67,41803
840.81,39073
863.95,42491
887.10,40497
910.24,36511
933.38,34089
956.52,37815
979.66,46051
1002.80,48986
1025.95,56146
1049.09,52230
1072.23,37378
1095.37,48641
1118.51,56092
1141.65,51471
1164.80,42533
1187.94,37392
1211.08,33012
1234.22,22347
1257.36,31105
1280.51,32399
1303.65,36262
1326.79,36616
1349.93,40869
1373.07,41752
1396.21,37199
1419.36,28141
1442.50,37194
1465.64,31082
1488.78,49069
1511.92,56787
1535.06,58682
1558.21,58882
1581.35,57091
1604.49,53748
1627.63,47784
1650.77,40731
1673.91,32683
1697.06,19882
1720.20,12377
1743.34,25028
1766.48,40211
1789.62,48252
1812.77,50054
1835.91,51032
1859.05,53047
1882.19,56020
1905.33,57569
1928.47,58331
1951.62,58878
1974.76,59158
1997.90,60130
2021.04,60981
2044.18,62056
2067.32,61279
2090.47,61629
2113.61,62041
2136.75,60590
2159.89,59164
2183.03,58881
2206.18,60570
2229.32,60697
2252.46,59446
2275.60,58112
2298.74,57422
2321.88,56962
2345.03,55350
2368.17,53385
2391.31,51505
2414.45,49342
2437.59,47505
2460.73,45294
2483.88,43881
2507.02,41536
2530.16,39064
2553.30,36247
2576.44,36115
2599.58,36364
2622.73,34975
2645.87,33273
2669.01,33114
2692.15,33800
2715.29,34319
2738.44,33641
2761.58,33550
2784.72,33459
2807.86,32582
2831.00,31369
2854.14,29747
2877.29,27141
2900.43,25701
2923.57,24320
2946.71,22775
2969.85,22976
2992.99,21672
3016.14,24428
3039.28,24557
3062.42,25053
3085.56,25371
3108.70,25640
3131.85,26272
3154.99,27406
3178.13,28494
3201.27,29332
3224.41,30546
3247.55,32094
3270.70,33618
3293.84,35166
3316.98,37165
3340.12,39381
3363.26,41565
3386.40,44463
3409.55,47770
3432.69,51276
3455.83,54878
3478.97,58668
3502.11,62329
3525.25,65212
3548.40,67547
3571.54,69615
3594.68,70992
3617.82,71969
3640.96,73405
3664.11,75150
3687.25,76239
3710.39,76745
3733.53,77301
3756.67,77258
3779.81,76997
3802.96,76946
3826.10,77295
3849.24,77355
3872.38,77068
3895.52,76845
3918.66,76557
3941.81,76449
3964.95,76187