:424.348000,0.963
428.695829,0.963
433.043657,0.964
437.391486,0.967
441.739314,0.97
446.087143,0.976
450.434972,0.99
454.782800,0.991
459.130629,0.995
463.478458,0.999
467.826286,0.999
472.174115,0.999
476.521943,0.999
480.869772,0.999
485.217601,0.999
489.565429,0.986
493.913258,0.955
498.261086,0.9
502.608915,0.858
506.956744,0.7351
511.304572,0.445
515.652401,0.256
520.000230,0.527
524.348058,0.8599
528.695887,0.934
533.043715,0.978
537.391544,0.999
541.739373,0.999
546.087201,0.999
550.435030,0.999
554.782859,0.999
559.130687,0.999
563.478516,0.999
567.826344,0.999
572.174173,0.999
576.522002,0.999
580.869830,0.999
585.217659,0.999
589.565487,0.999
593.913316,0.999
598.261145,0.999
602.608973,0.999
606.956802,0.999
611.304631,0.999
615.652459,0.999
620.000288,0.999
624.348116,0.999
628.695945,0.999
633.043774,0.999
637.391602,0.999
641.739431,0.999
646.087259,0.999
650.435088,1
654.782917,0.999
659.130745,0.999
663.478574,0.999
667.826403,0.999
672.174231,0.999
676.522060,0.999
680.869888,0.999
685.217717,0.999
689.565546,0.999
693.913374,0.999
698.261203,0.999
702.609031,0.999
706.956860,0.999
711.304689,0.999
715.652517,0.999
720.000346,0.999
724.348175,0.999
728.696003,0.999
733.043832,0.999
737.391660,0.999
741.739489,0.999
746.087318,0.999
750.435146,0.999
754.782975,0.999
759.130803,0.999
763.478632,0.999
767.826461,0.999
772.174289,0.999
776.522118,0.999
780.869947,0.999
785.217775,0.999
789.565604,0.98
793.913432,0.915
798.261261,0.827
802.609090,0.714
806.956918,0.629
811.304747,0.8459
815.652576,0.899
820.000404,0.902
824.348233,0.955
828.696061,0.995
833.043890,0.999
837.391719,1
841.739547,0.982
846.087376,0.953
850.435204,0.903
854.783033,0.86
859.130862,0.855
863.478690,0.866
867.826519,0.881
872.174348,0.907
876.522176,0.926
880.870005,0.942
885.217833,0.963
889.565662,0.993
893.913491,0.999
898.261319,0.999
902.609148,0.999
906.956976,0.999
911.304805,0.999
915.652634,0.999
920.000462,0.999
924.348291,0.999
928.696120,0.999
933.043948,0.999
937.391777,0.999
941.739605,0.999
946.087434,0.999
950.435263,0.999
954.783091,0.999
959.130920,0.999
963.478748,0.999
967.826577,0.999
972.174406,0.999
976.522234,0.999
980.870063,0.999
985.217892,0.999
989.565720,0.999
993.913549,0.999
998.261377,0.999
1002.609206,0.999
1006.957035,0.999
1011.304863,0.999
1015.652692,0.999
1020.000521,0.999
1024.348349,0.999
1028.696178,0.998
1033.044006,0.999
1037.391835,0.999
1041.739664,0.999
1046.087492,0.999
1050.435321,0.999
1054.783149,0.999
1059.130978,0.999
1063.478807,0.999
1067.826635,0.999
1072.174464,0.999
1076.522293,0.999
1080.870121,0.999
1085.217950,0.999
1089.565778,0.999
1093.913607,0.999
1098.261436,0.999
1102.609264,0.997
1106.957093,0.986
1111.304921,0.96
1115.652750,0.923
1120.000579,0.87
1124.348407,0.808
1128.696236,0.732
1133.044065,0.5211
1137.391893,0.145
1141.739722,0.005
1146.087550,0
1150.435379,0.1798
1154.783208,0.508
1159.131036,0.7209
1163.478865,0.807
1167.826693,0.854
1172.174522,0.892
1176.522351,0.914
1180.870179,0.922
1185.218008,0.938
1189.565837,0.944
1193.913665,0.934
1198.261494,0.926
1202.609322,0.929
1206.957151,0.942
1211.304980,0.948
1215.652808,0.944
1220.000637,0.936
1224.348465,0.917
1228.696294,0.88
1233.044123,0.7369
1237.391951,0.49
1241.739780,0.7631
1246.087609,0.972
1250.435437,0.993
1254.783266,0.999
1259.131094,0.999
1263.478923,0.999
1267.826752,0.999
1272.174580,0.999
1276.522409,0.999
1280.870238,0.999
1285.218066,0.999
1289.565895,0.999
1293.913723,0.999
1298.261552,0.999
1302.609381,0.999
1306.957209,0.999
1311.305038,0.999
1315.652866,0.999
1320.000695,0.998
1324.348524,0.994
1328.696352,0.987
1333.044181,0.982
1337.392010,0.979
1341.739838,0.972
1346.087667,0.961
1350.435495,0.948
1354.783324,0.917
1359.131153,0.875
1363.478981,0.751
1367.826810,0.4701
1372.174638,0.027
1376.522467,0.4556
1380.870296,0.778
1385.218124,0.877
1389.565953,0.904
1393.913782,0.891
1398.261610,0.9
1402.609439,0.94
1406.957267,0.944
1411.305096,0.937
1415.652925,0.93
1420.000753,0.904
1424.348582,0.884
1428.696410,0.891
1433.044239,0.88
1437.392068,0.855
1441.739896,0.808
1446.087725,0.724
1450.435554,0.466
1454.783382,0.351
1459.131211,0.4021
1463.479039,0.6309
1467.826868,0.758
1472.174697,0.6821
1476.522525,0.501
1480.870354,0.7669
1485.218183,0.847
1489.566011,0.865
1493.913840,0.865
1498.261668,0.849
1502.609497,0.834
1506.957326,0.807
1511.305154,0.79
1515.652983,0.767
1520.000811,0.743
1524.348640,0.721
1528.696469,0.699
1533.044297,0.661
1537.392126,0.605
1541.739955,0.531
1546.087783,0.501
1550.435612,0.486
1554.783440,0.495
1559.131269,0.5619
1563.479098,0.576
1567.826926,0.63
1572.174755,0.675
1576.522583,0.682
1580.870412,0.698
1585.218241,0.705
1589.566069,0.726
1593.913898,0.762
1598.261727,0.813
1602.609555,0.858
1606.957384,0.895
1611.305212,0.934
1615.653041,0.947
1620.000870,0.964
1624.348698,0.972
1628.696527,0.978
1633.044355,0.985
1637.392184,0.989
1641.740013,0.991
1646.087841,0.995
1650.435670,0.997
1654.783499,0.994
1659.131327,0.991
1663.479156,0.989
1667.826984,0.989
1672.174813,0.989
1676.522642,0.989
1680.870470,0.991
1685.218299,0.991
1689.566127,0.993
1693.913956,0.994
1698.261785,0.997
1702.609613,0.997
1706.957442,0.994
1711.305271,0.991
1715.653099,0.993
1720.000928,0.991
1724.348756,0.989
1728.696585,0.985
1733.044414,0.983
1737.392242,0.985
1741.740071,0.987
1746.087900,0.991
1750.435728,0.993
1754.783557,0.99
1759.131385,0.991
1763.479214,0.994
1767.827043,0.997
1772.174871,0.999
1776.522700,1
1780.870528,0.997
1785.218357,0.994
1789.566186,0.994
1793.914014,0.994
1798.261843,0.995
1802.609672,0.998
1806.957500,0.998
1811.305329,0.998
1815.653157,0.997
1820.000986,0.995
1824.348815,0.994
1828.696643,0.993
1833.044472,0.994
1837.392300,0.991
1841.740129,0.989
1846.087958,0.987
1850.435786,0.985
1854.783615,0.983
1859.131444,0.983
1863.479272,0.986
1867.827101,0.989
1872.174929,0.994
1876.522758,0.995
1880.870587,0.995
1885.218415,0.995
1889.566244,0.995
1893.914072,0.998
1898.261901,0.998
1902.609730,0.997
1906.957558,0.994
1911.305387,0.995
1915.653216,0.997
1920.001044,1
1924.348873,0.999
1928.696701,0.999
1933.044530,0.999
1937.392359,1
1941.740187,1
1946.088016,1
1950.435845,0.999
1954.783673,0.999
1959.131502,0.999
1963.479330,0.999
1967.827159,0.998
1972.174988,0.998
1976.522816,0.998
1980.870645,0.998
1985.218473,0.998
1989.566302,1
1993.914131,1
1998.261959,1
2002.609788,0.999
2006.957617,0.999
2011.305445,0.999
2015.653274,0.999
2020.001102,0.999
2024.348931,0.999
2028.696760,0.999
2033.044588,0.999
2037.392417,0.999
2041.740245,0.999
2046.088074,0.999
2050.435903,0.999
2054.783731,0.999
2059.131560,0.999
2063.479389,0.999
2067.827217,0.999
2072.175046,0.999
2076.522874,0.999
2080.870703,0.999
2085.218532,0.999
2089.566360,0.999
2093.914189,0.999
2098.262017,0.999
2102.609846,0.999
2106.957675,0.999
2111.305503,0.999
2115.653332,0.999
2120.001161,0.999
2124.348989,0.999
2128.696818,0.999
2133.044646,0.999
2137.392475,0.999
2141.740304,0.999
2146.088132,0.999
2150.435961,0.999
2154.783789,0.999
2159.131618,0.9988
2163.479447,0.9949
2167.827275,0.9918
2172.175104,0.9888
2176.522933,0.9883
2180.870761,0.9913
2185.218590,0.9946
2189.566418,1
2193.914247,0.999
2198.262076,0.999
2202.609904,0.999
2206.957733,0.999
2211.305562,0.999
2215.653390,0.999
2220.001219,0.999
2224.349047,0.999
2228.696876,0.999
2233.044705,0.999
2237.392533,0.999
2241.740362,0.999
2246.088190,0.999
2250.436019,0.999
2254.783848,0.999
2259.131676,0.999
2263.479505,0.9986
2267.827334,0.9966
2272.175162,0.9916
2276.522991,0.9886
2280.870819,0.9856
2285.218648,0.9758
2289.566477,0.9713
2293.914305,0.9668
2298.262134,0.964
2302.609962,0.9672
2306.957791,0.9707
2311.305620,0.9756
2315.653448,0.9822
2320.001277,0.993
2324.349106,0.999
2328.696934,0.999
2333.044763,0.999
2337.392591,0.999
2341.740420,0.999
2346.088249,0.999
2350.436077,0.999
2354.783906,0.999
2359.131734,0.999
2363.479563,1
2367.827392,0.9985
2372.175220,0.997
2376.523049,0.995
2380.870878,0.9937
2385.218706,0.9915
2389.566535,0.989
2393.914363,0.986
2398.262192,0.9827
2402.610021,0.9828
2406.957849,0.9881
2411.305678,0.9938
2415.653507,0.9956
2420.001335,1
2424.349164,0.999
2428.696992,0.999
2433.044821,0.999
2437.392650,0.999
2441.740478,0.999
2446.088307,0.999
2450.436135,0.999
2454.783964,0.999
2459.131793,0.999
2463.479621,0.999
2467.827450,0.999
2472.175279,0.999
2476.523107,0.999
2480.870936,0.999
2485.218764,0.999
2489.566593,0.999
2493.914422,0.999
2498.262250,0.999
2502.610079,0.999
2506.957907,0.999
2511.305736,0.999
2515.653565,0.999
2520.001393,0.999
2524.349222,0.999
2528.697051,0.999
2533.044879,0.999
2537.392708,0.999
2541.740536,0.999
2546.088365,0.999
2550.436194,0.999
2554.784022,0.999
2559.131851,0.999
2563.479679,0.999
2567.827508,0.999
2572.175337,0.999
2576.523165,1
2580.870994,0.998
2585.218823,0.9971
2589.566651,0.9962
2593.914480,0.994
2598.262308,0.991
2602.610137,0.99
2606.957966,0.9934
2611.305794,0.995
2615.653623,0.997
2620.001451,0.9931
2624.349280,0.9842
2628.697109,0.979
2633.044937,0.9857
2637.392766,0.9939
2641.740595,0.997
2646.088423,0.997
2650.436252,0.995
2654.784080,0.994
2659.131909,0.993
2663.479738,0.991
2667.827566,0.9895
2672.175395,0.9871
2676.523224,0.9865
2680.871052,0.982
2685.218881,0.98
2689.566709,0.982
2693.914538,0.986
2698.262367,0.99
2702.610195,0.9895
2706.958024,0.987
2711.305852,0.9855
2715.653681,0.983
2720.001510,0.9689
2724.349338,0.925
2728.697167,0.9337
2733.044996,0.982
2737.392824,0.9871
2741.740653,0.9899
2746.088481,0.985
2750.436310,0.9831
2754.784139,0.9881
2759.131967,0.99
2763.479796,0.9905
2767.827624,0.989
2772.175453,0.9832
2776.523282,0.9707
2780.871110,0.955
2785.218939,0.9685
2789.566768,0.9786
2793.914596,0.9759
2798.262425,0.972
2802.610253,0.9667
2806.958082,0.9604
2811.305911,0.9559
2815.653739,0.9429
2820.001568,0.9287
2824.349396,0.9278
2828.697225,0.9322
2833.045054,0.9328
2837.392882,0.9253
2841.740711,0.8944
2846.088540,0.8481
2850.436368,0.8087
2854.784197,0.7477
2859.132025,0.6888
2863.479854,0.693
2867.827683,0.702
2872.175511,0.6953
2876.523340,0.6532
2880.871169,0.5923
2885.218997,0.5419
2889.566826,0.5079
2893.914654,0.4897
2898.262483,0.4586
2902.610312,0.4982
2906.958140,0.5307
2911.305969,0.5054
2915.653797,0.4069
2920.001626,0.3246
2924.349455,0.269
2928.697283,0.4248
2933.045112,0.5985
2937.392941,0.5489
2941.740769,0.4587
2946.088598,0.402
2950.436426,0.653
2954.784255,0.6147
2959.132084,0.4215
2963.479912,0.3203
2967.827741,0.2204
2972.175569,0.2133
2976.523398,0.3012
2980.871227,0.2401
2985.219055,0.1552
2989.566884,0.134
2993.914713,0.2202
2998.262541,0.3772
3002.610370,0.6276
3006.958198,0.7924
3011.306027,0.8589
3015.653856,0.908
3020.001684,0.9392
3024.349513,0.9587
3028.697341,0.9717
3033.045170,0.9795
3037.392999,0.9855
3041.740827,0.9897
3046.088656,0.9932
3050.436485,0.9965
3054.784313,0.9972
3059.132142,1
3063.479970,0.999
3067.827799,0.999
3072.175628,0.999
3076.523456,0.999
3080.871285,0.999
3085.219113,0.999
3089.566942,0.999
3093.914771,0.999
3098.262599,0.999
3102.610428,0.999
3106.958257,0.999
3111.306085,0.999
3115.653914,0.999
3120.001742,0.999
3124.349571,0.999
3128.697400,0.999
3133.045228,0.999
3137.393057,0.999
3141.740886,0.999
3146.088714,0.999
3150.436543,0.999
3154.784371,0.999
3159.132200,0.999
3163.480029,0.999
3167.827857,0.999
3172.175686,0.999
3176.523514,0.999
3180.871343,0.9983
3185.219172,0.9963
3189.567000,0.993
3193.914829,0.99
3198.262658,0.99
3202.610486,0.989
3206.958315,0.9873
3211.306143,0.987
3215.653972,0.987
3220.001801,0.987
3224.349629,0.987
3228.697458,0.987
3233.045286,0.986
3237.393115,0.983
3241.740944,0.983
3246.088772,0.9854
3250.436601,0.9851
3254.784430,0.9854
3259.132258,0.9869
3263.480087,0.989
3267.827915,0.9928
3272.175744,0.9944
3276.523573,0.9979
3280.871401,0.999
3285.219230,0.999
3289.567058,0.999