:401.12,58103
424.26,60760
447.41,59391
470.55,59939
493.69,61514
516.83,58868
539.97,62752
563.12,62858
586.26,58103
609.40,63241
632.54,64283
655.68,64418
678.83,64460
701.97,64851
725.11,64505
748.25,61043
771.39,63126
794.54,64795
817.68,65340
840.82,65508
863.96,65449
887.10,65160
910.25,63744
933.39,56365
956.53,56499
979.67,61658
1002.81,61485
1025.96,62528
1049.10,62603
1072.24,60792
1095.38,60163
1118.52,61714
1141.67,59574
1164.81,34786
1187.95,46667
1211.09,54462
1234.23,61244
1257.38,60040
1280.52,61616
1303.66,59737
1326.80,54940
1349.94,37397
1373.09,29433
1396.23,47826
1419.37,37567
1442.51,43886
1465.65,45483
1488.80,56423
1511.94,58103
1535.08,59493
1558.22,60453
1581.36,62057
1604.51,62597
1627.65,61900
1650.79,59997
1673.93,55188
1697.07,37913
1720.22,1565
1743.36,42512
1766.50,56829
1789.64,62023
1812.78,63867
1835.93,64304
1859.07,64440
1882.21,64299
1905.35,64427
1928.49,64530
1951.64,64630
1974.78,64670
1997.92,64716
2021.06,64741
2044.20,64688
2067.35,64578
2090.49,64278
2113.63,63861
2136.77,64014
2159.91,64110
2183.06,64185
2206.20,64220
2229.34,64200
2252.48,64125
2275.62,64031
2298.77,63937
2321.91,63844
2345.05,63750
2368.19,63657
2391.33,63563
2414.48,63503
2437.62,63591
2460.76,63535
2483.90,63522
2507.04,63348
2530.19,63318
2553.33,63433
2576.47,63465
2599.61,63394
2622.75,63291
2645.90,63154
2669.04,62809
2692.18,62593
2715.32,62269
2738.46,61896
2761.61,61971
2784.75,61447
2807.89,60289
2831.03,59405
2854.17,58103
2877.32,50002
2900.46,46624
2923.60,45671
2946.74,42052
2969.88,36820
2993.03,41360
3016.17,53256
3039.31,57561
3062.45,58782
3085.59,59387
3108.74,59952
3131.88,60238
3155.02,60206
3178.16,60201
3201.30,60262
3224.45,60232
3247.59,60071
3270.73,59990
3293.87,59872
3317.01,59711
3340.16,59366
3363.30,59050
3386.44,58329
3409.58,56411
3432.72,57155
3455.87,57757
3479.01,58103
3502.15,58361
3525.29,58444
3548.43,58531
3571.58,58635
3594.72,58501
3617.86,58103
3641.00,58646
3664.14,58838
3687.29,58465
3710.43,58278
3733.57,57676
3756.71,57857
3779.85,58311
3803.00,57771
3826.14,57839
3849.28,57725
3872.42,57656
3895.56,57891
3918.71,58039
3941.85,58280
3964.99,58368
3988.13,58278
