:401.12,47502
424.26,48142
447.41,52261
470.55,56281
493.69,56956
516.83,55570
539.97,53612
563.12,50812
586.26,47502
609.40,44652
632.54,42590
655.68,41161
678.83,41101
701.97,42326
725.11,44168
748.25,46143
771.39,48627
794.54,50638
817.68,54737
840.82,59017
863.96,57473
887.10,34319
910.25,57432
933.39,60238
956.53,60192
979.67,58979
1002.81,54786
1025.96,39827
1049.10,0
1072.24,20705
1095.38,11618
1118.52,41924
1141.67,48206
1164.81,51676
1187.95,53644
1211.09,53283
1234.23,51755
1257.38,47502
1280.52,41898
1303.66,40207
1326.80,35483
1349.94,37209
1373.09,28761
1396.23,29175
1419.37,27250
1442.51,28116
1465.65,31682
1488.80,38923
1511.94,46463
1535.08,50040
1558.22,51658
1581.36,54832
1604.51,55262
1627.65,53601
1650.79,51346
1673.93,53079
1697.07,54867
1720.22,57209
1743.36,57592
1766.50,58292
1789.64,59446
1812.78,60655
1835.93,60984
1859.07,61442
1882.21,61379
1905.35,60615
1928.49,58981
1951.64,61519
1974.78,61957
1997.92,62410
2021.06,62605
2044.20,62683
2067.35,62432
2090.49,62111
2113.63,62121
2136.77,61702
2159.91,62150
2183.06,62257
2206.20,62571
2229.34,62730
2252.48,62696
2275.62,62646
2298.77,62596
2321.91,62546
2345.05,62496
2368.19,62447
2391.33,62397
2414.48,62347
2437.62,62876
2460.76,62259
2483.90,61110
2507.04,60355
2530.19,60107
2553.33,60277
2576.47,60939
2599.61,60843
2622.75,60400
2645.90,60009
2669.04,59008
2692.18,56650
2715.32,54280
2738.46,52523
2761.61,52059
2784.75,50595
2807.89,45584
2831.03,40159
2854.17,32488
2877.32,21443
2900.46,21773
2923.60,23660
2946.74,28210
2969.88,12433
2993.03,33519
3016.17,46785
3039.31,48857
3062.45,47837
3085.59,45447
3108.74,42173
3131.88,38099
3155.02,33629
3178.16,28976
3201.30,24614
3224.45,20744
3247.59,17750
3270.73,15548
3293.87,14163
3317.01,13501
3340.16,13400
3363.30,14075
3386.44,15864
3409.58,18602
3432.72,22180
3455.87,26984
3479.01,32532
3502.15,38969
3525.29,46159
3548.43,52064
3571.58,57156
3594.72,60630
3617.86,62715
3641.00,64801
3664.14,65399
3687.29,64184
3710.43,63572
3733.57,61543
3756.71,61121
3779.85,60857
3803.00,58623
3826.14,57504
3849.28,55800
3872.42,54383
3895.56,53545
3918.71,52521
3941.85,51131
3964.99,49727