:458.191000,0.86
462.457220,0.862
466.723441,0.868
470.989661,0.872
475.255881,0.874
479.522101,0.88
483.788322,0.884
488.054542,0.889
492.320762,0.893
496.586982,0.898
500.853203,0.9
505.119423,0.902
509.385643,0.904
513.651863,0.904
517.918084,0.905
522.184304,0.905
526.450524,0.906
530.716744,0.91
534.982965,0.906
539.249185,0.909
543.515405,0.91
547.781626,0.912
552.047846,0.912
556.314066,0.917
560.580286,0.92
564.846507,0.917
569.112727,0.918
573.378947,0.917
577.645167,0.912
581.911388,0.909
586.177608,0.901
590.443828,0.885
594.710048,0.852
598.976269,0.797
603.242489,0.568
607.508709,0.433
611.774929,0.646
616.041150,0.765
620.307370,0.837
624.573590,0.852
628.839811,0.848
633.106031,0.812
637.372251,0.633
641.638471,0.376
645.904692,0.726
650.170912,0.837
654.437132,0.848
658.703352,0.869
662.969573,0.894
667.235793,0.913
671.502013,0.932
675.768233,0.958
680.034454,0.98
684.300674,0.982
688.566894,0.982
692.833115,0.986
697.099335,0.981
701.365555,0.99
705.631775,0.989
709.897996,0.993
714.164216,0.992
718.430436,0.996
722.696656,0.998
726.962877,0.998
731.229097,1
735.495317,0.999
739.761537,0.998
744.027758,0.998
748.293978,0.999
752.560198,0.999
756.826418,0.999
761.092639,0.999
765.358859,1
769.625079,1
773.891300,0.997
778.157520,0.99
782.423740,0.984
786.689960,0.977
790.956181,0.972
795.222401,0.965
799.488621,0.958
803.754841,0.949
808.021062,0.936
812.287282,0.924
816.553502,0.906
820.819722,0.877
825.085943,0.825
829.352163,0.74
833.618383,0.546
837.884603,0.2332
842.150824,0.086
846.417044,0.1809
850.683264,0.428
854.949485,0.5939
859.215705,0.689
863.481925,0.75
867.748145,0.794
872.014366,0.833
876.280586,0.856
880.546806,0.884
884.813026,0.912
889.079247,0.934
893.345467,0.953
897.611687,0.964
901.877907,0.97
906.144128,0.977
910.410348,0.978
914.676568,0.982
918.942788,0.986
923.209009,0.99
927.475229,0.993
931.741449,0.989
936.007670,0.989
940.273890,0.989
944.540110,0.988
948.806330,0.986
953.072551,0.978
957.338771,0.969
961.604991,0.96
965.871211,0.937
970.137432,0.898
974.403652,0.813
978.669872,0.657
982.936092,0.71
987.202313,0.83
991.468533,0.854
995.734753,0.858
1000.000974,0.852
1004.267194,0.836
1008.533414,0.805
1012.799634,0.757
1017.065855,0.6821
1021.332075,0.586
1025.598295,0.4651
1029.864515,0.337
1034.130736,0.1891
1038.396956,0.082
1042.663176,0.013
1046.929396,0.01
1051.195617,0.044
1055.461837,0.129
1059.728057,0.23
1063.994277,0.38
1068.260498,0.466
1072.526718,0.534
1076.792938,0.586
1081.059159,0.637
1085.325379,0.685
1089.591599,0.708
1093.857819,0.74
1098.124040,0.765
1102.390260,0.792
1106.656480,0.813
1110.922700,0.829
1115.188921,0.841
1119.455141,0.85
1123.721361,0.852
1127.987581,0.852
1132.253802,0.849
1136.520022,0.838
1140.786242,0.804
1145.052462,0.813
1149.318683,0.818
1153.584903,0.812
1157.851123,0.81
1162.117344,0.814
1166.383564,0.814
1170.649784,0.802
1174.916004,0.782
1179.182225,0.74
1183.448445,0.705
1187.714665,0.666
1191.980885,0.637
1196.247106,0.602
1200.513326,0.549
1204.779546,0.46
1209.045766,0.354
1213.311987,0.248
1217.578207,0.157
1221.844427,0.086
1226.110647,0.018
1230.376868,0.004
1234.643088,0
1238.909308,0.002
1243.175529,0.005
1247.441749,0.005
1251.707969,0.008
1255.974189,0.032
1260.240410,0.0651
1264.506630,0.152
1268.772850,0.206
1273.039070,0.198
1277.305291,0.17
1281.571511,0.225
1285.837731,0.3381
1290.103951,0.46
1294.370172,0.553
1298.636392,0.616
1302.902612,0.673
1307.168833,0.694
1311.435053,0.708
1315.701273,0.724
1319.967493,0.741
1324.233714,0.756
1328.499934,0.764
1332.766154,0.766
1337.032374,0.766
1341.298595,0.757
1345.564815,0.746
1349.831035,0.714
1354.097255,0.644
1358.363476,0.534
1362.629696,0.3139
1366.895916,0.048
1371.162136,0.001
1375.428357,0.038
1379.694577,0.2621
1383.960797,0.445
1388.227018,0.586
1392.493238,0.646
1396.759458,0.666
1401.025678,0.669
1405.291899,0.658
1409.558119,0.626
1413.824339,0.59
1418.090559,0.561
1422.356780,0.5
1426.623000,0.409
1430.889220,0.2319
1435.155440,0.081
1439.421661,0.021
1443.687881,0.124
1447.954101,0.213
1452.220321,0.308
1456.486542,0.316
1460.752762,0.329
1465.018982,0.405
1469.285203,0.49
1473.551423,0.552
1477.817643,0.568
1482.083863,0.558
1486.350084,0.566
1490.616304,0.62
1494.882524,0.652
1499.148744,0.665
1503.414965,0.668
1507.681185,0.66
1511.947405,0.652
1516.213625,0.644
1520.479846,0.637
1524.746066,0.624
1529.012286,0.613
1533.278506,0.586
1537.544727,0.552
1541.810947,0.516
1546.077167,0.478
1550.343388,0.465
1554.609608,0.47
1558.875828,0.5
1563.142048,0.534
1567.408269,0.573
1571.674489,0.605
1575.940709,0.624
1580.206929,0.63
1584.473150,0.644
1588.739370,0.658
1593.005590,0.693
1597.271810,0.724
1601.538031,0.757
1605.804251,0.78
1610.070471,0.784
1614.336692,0.768
1618.602912,0.746
1622.869132,0.773
1627.135352,0.796
1631.401573,0.816
1635.667793,0.82
1639.934013,0.813
1644.200233,0.797
1648.466454,0.774
1652.732674,0.756
1656.998894,0.75
1661.265114,0.746
1665.531335,0.733
1669.797555,0.706
1674.063775,0.66
1678.329995,0.629
1682.596216,0.617
1686.862436,0.618
1691.128656,0.622
1695.394877,0.621
1699.661097,0.59
1703.927317,0.514
1708.193537,0.453
1712.459758,0.438
1716.725978,0.409
1720.992198,0.354
1725.258418,0.256
1729.524639,0.124
1733.790859,0.042
1738.057079,0
1742.323299,0
1746.589520,0
1750.855740,0
1755.121960,0
1759.388180,0.01
1763.654401,0.074
1767.920621,0.208
1772.186841,0.3261
1776.453062,0.424
1780.719282,0.5101
1784.985502,0.574
1789.251722,0.632
1793.517943,0.68
1797.784163,0.706
1802.050383,0.738
1806.316603,0.777
1810.582824,0.813
1814.849044,0.842
1819.115264,0.86
1823.381484,0.88
1827.647705,0.896
1831.913925,0.912
1836.180145,0.926
1840.446365,0.932
1844.712586,0.94
1848.978806,0.942
1853.245026,0.944
1857.511247,0.945
1861.777467,0.944
1866.043687,0.938
1870.309907,0.932
1874.576128,0.917
1878.842348,0.898
1883.108568,0.873
1887.374788,0.854
1891.641009,0.85
1895.907229,0.873
1900.173449,0.91
1904.439669,0.934
1908.705890,0.949
1912.972110,0.96
1917.238330,0.966
1921.504551,0.973
1925.770771,0.974
1930.036991,0.976
1934.303211,0.976
1938.569432,0.974
1942.835652,0.972
1947.101872,0.968
1951.368092,0.966
1955.634313,0.966
1959.900533,0.965
1964.166753,0.966
1968.432973,0.966
1972.699194,0.968
1976.965414,0.969
1981.231634,0.97
1985.497854,0.97
1989.764075,0.97
1994.030295,0.97
1998.296515,0.969
2002.562736,0.969
2006.828956,0.969
2011.095176,0.964
2015.361396,0.948
2019.627617,0.955
2023.893837,0.958
2028.160057,0.9565
2032.426277,0.954
2036.692498,0.9615
2040.958718,0.964
2045.224938,0.9695
2049.491158,0.972
2053.757379,0.97
2058.023599,0.9679
2062.289819,0.9609
2066.556039,0.953
2070.822260,0.9412
2075.088480,0.9163
2079.354700,0.8932
2083.620921,0.8567
2087.887141,0.8223
2092.153361,0.8212
2096.419581,0.841
2100.685802,0.8627
2104.952022,0.9008
2109.218242,0.9296
2113.484462,0.9654
2117.750683,0.9782
2122.016903,0.9832
2126.283123,0.9862
2130.549343,0.988
2134.815564,0.999
2139.081784,0.999
2143.348004,0.999
2147.614224,0.999
2151.880445,0.999
2156.146665,0.999
2160.412885,0.999
2164.679106,0.999
2168.945326,0.999
2173.211546,0.999
2177.477766,0.999
2181.743987,0.999
2186.010207,0.999
2190.276427,0.999
2194.542647,0.999
2198.808868,0.999
2203.075088,0.999
2207.341308,0.999
2211.607528,0.9997
2215.873749,0.9938
2220.139969,0.9921
2224.406189,0.9992
2228.672410,0.999
2232.938630,0.999
2237.204850,0.999
2241.471070,0.999
2245.737291,0.999
2250.003511,0.999
2254.269731,0.999
2258.535951,0.999
2262.802172,0.999
2267.068392,0.999
2271.334612,0.9995
2275.600832,0.9859
2279.867053,0.9736
2284.133273,0.9683
2288.399493,0.9706
2292.665713,0.9768
2296.931934,0.986
2301.198154,0.9897
2305.464374,0.9874
2309.730595,0.9871
2313.996815,0.999
2318.263035,0.999
2322.529255,0.999
2326.795476,0.999
2331.061696,0.999
2335.327916,0.999
2339.594136,0.999
2343.860357,0.999
2348.126577,0.999
2352.392797,0.999
2356.659017,0.999
2360.925238,0.999
2365.191458,0.999
2369.457678,0.999
2373.723898,0.999
2377.990119,0.999
2382.256339,0.999
2386.522559,0.999
2390.788780,0.999
2395.055000,0.999
2399.321220,0.999
2403.587440,0.999
2407.853661,0.998
2412.119881,0.9972
2416.386101,0.9973
2420.652321,1
2424.918542,1
2429.184762,0.999
2433.450982,0.999
2437.717202,0.999
2441.983423,0.999
2446.249643,0.999
2450.515863,0.999
2454.782083,1
2459.048304,0.9961
2463.314524,0.9871
2467.580744,0.9817
2471.846965,0.9762
2476.113185,0.9681
2480.379405,0.9625
2484.645625,0.962
2488.911846,0.9658
2493.178066,0.9713
2497.444286,0.9778
2501.710506,0.9847
2505.976727,0.9888
2510.242947,0.9927
2514.509167,0.996
2518.775387,0.997
2523.041608,0.9978
2527.307828,1
2531.574048,0.999
2535.840269,0.999
2540.106489,0.999
2544.372709,0.999
2548.638929,0.999
2552.905150,0.999
2557.171370,0.999
2561.437590,0.9993
2565.703810,0.998
2569.970031,0.9988
2574.236251,0.998
2578.502471,0.9966
2582.768691,0.9868
2587.034912,0.9772
2591.301132,0.9695
2595.567352,0.961
2599.833572,0.9656
2604.099793,0.9752
2608.366013,0.978
2612.632233,0.98
2616.898454,0.98
2621.164674,0.982
2625.430894,0.984
2629.697114,0.9868
2633.963335,0.99
2638.229555,0.9872
2642.495775,0.9851
2646.761995,0.982
2651.028216,0.9839
2655.294436,0.985
2659.560656,0.9859
2663.826876,0.988
2668.093097,0.9851
2672.359317,0.9831
2676.625537,0.981
2680.891757,0.9791
2685.157978,0.978
2689.424198,0.978
2693.690418,0.977
2697.956639,0.977
2702.222859,0.977
2706.489079,0.9751
2710.755299,0.9721
2715.021520,0.9621
2719.287740,0.956
2723.553960,0.9525
2727.820180,0.95
2732.086401,0.9545
2736.352621,0.961
2740.618841,0.9655
2744.885061,0.973
2749.151282,0.974
2753.417502,0.976
2757.683722,0.976
2761.949942,0.976
2766.216163,0.974
2770.482383,0.973
2774.748603,0.9695
2779.014824,0.969
2783.281044,0.967
2787.547264,0.966
2791.813484,0.9634
2796.079705,0.957
2800.345925,0.9544
2804.612145,0.946
2808.878365,0.945
2813.144586,0.946
2817.410806,0.9455
2821.677026,0.9439
2825.943246,0.9375
2830.209467,0.9328
2834.475687,0.9166
2838.741907,0.8966
2843.008128,0.8359
2847.274348,0.7519
2851.540568,0.6849
2855.806788,0.7699
2860.073009,0.826
2864.339229,0.8781
2868.605449,0.8816
2872.871669,0.8819
2877.137890,0.8768
2881.404110,0.8674
2885.670330,0.8459
2889.936550,0.8272
2894.202771,0.8078
2898.468991,0.7961
2902.735211,0.7676
2907.001431,0.741
2911.267652,0.7667
2915.533872,0.7885
2919.800092,0.794
2924.066313,0.7841
2928.332533,0.7741
2932.598753,0.7441
2936.864973,0.707
2941.131194,0.6053
2945.397414,0.4901
2949.663634,0.3682
2953.929854,0.2
2958.196075,0.2284
2962.462295,0.3846
2966.728515,0.4959
2970.994735,0.6312
2975.260956,0.6574
2979.527176,0.6471
2983.793396,0.6144
2988.059616,0.5781
2992.325837,0.5081
2996.592057,0.4261
3000.858277,0.4218
3005.124498,0.4534
3009.390718,0.4911
3013.656938,0.5422
3017.923158,0.5485
3022.189379,0.5386
3026.455599,0.5322
3030.721819,0.5455
3034.988039,0.6038
3039.254260,0.6509
3043.520480,0.7049
3047.786700,0.7334
3052.052920,0.7788
3056.319141,0.8076
3060.585361,0.8192
3064.851581,0.8318
3069.117801,0.8425
3073.384022,0.8511
3077.650242,0.8562
3081.916462,0.8599
3086.182683,0.87
3090.448903,0.8722
3094.715123,0.8777
3098.981343,0.8817
3103.247564,0.8857
3107.513784,0.889
3111.780004,0.892
3116.046224,0.892
3120.312445,0.8925
3124.578665,0.897
3128.844885,0.901
3133.111105,0.9035
3137.377326,0.9065
3141.643546,0.9088
3145.909766,0.9105
3150.175987,0.912
3154.442207,0.913
3158.708427,0.913
3162.974647,0.914
3167.240868,0.914
3171.507088,0.9137
3175.773308,0.912
3180.039528,0.91
3184.305749,0.912
3188.571969,0.913
3192.838189,0.9156
3197.104409,0.9163
3201.370630,0.9196
3205.636850,0.922
3209.903070,0.922
3214.169290,0.924
3218.435511,0.924
3222.701731,0.9247
3226.967951,0.924
3231.234172,0.925
3235.500392,0.924
3239.766612,0.925
3244.032832,0.926
3248.299053,0.926
3252.565273,0.9263
3256.831493,0.9253
3261.097713,0.9277
3265.363934,0.929
3269.630154,0.926
3273.896374,0.925
3278.162594,0.926
3282.428815,0.928
3286.695035,0.9251
3290.961255,0.9246
3295.227475,0.922
3299.493696,0.9244
3303.759916,0.9241
3308.026136,0.924
3312.292357,0.9222
3316.558577,0.9214
3320.824797,0.9238
3325.091017,0.924
3329.357238,0.924
3333.623458,0.925
3337.889678,0.925
3342.155898,0.925
3346.422119,0.924
3350.688339,0.925
3354.954559,0.9222
3359.220779,0.9228
3363.487000,0.9222
3367.753220,0.922
3372.019440,0.9201
3376.285660,0.9192
3380.551881,0.918
3384.818101,0.918
3389.084321,0.918
3393.350542,0.92
3397.616762,0.918
3401.882982,0.9189
3406.149202,0.92
3410.415423,0.9191
3414.681643,0.9171
3418.947863,0.914
3423.214083,0.9121
3427.480304,0.91
3431.746524,0.91
