:401.12,56377
424.26,57874
447.41,57008
470.55,57683
493.69,54002
516.83,34903
539.97,57885
563.12,61536
586.26,62804
609.40,63434
632.54,63688
655.68,63580
678.83,63577
701.97,63785
725.11,63213
748.25,61380
771.39,59105
794.54,62634
817.68,63407
840.82,62880
863.96,61051
887.10,57604
910.25,57628
933.39,58876
956.53,61129
979.67,62311
1002.81,62010
1025.96,60410
1049.10,60053
1072.24,57182
1095.38,47465
1118.52,31456
1141.67,55029
1164.81,60161
1187.95,62392
1211.09,63092
1234.23,63323
1257.38,63264
1280.52,62777
1303.66,61103
1326.80,54351
1349.94,25378
1373.09,42508
1396.23,35280
1419.37,31021
1442.51,39552
1465.65,51212
1488.80,55401
1511.94,56377
1535.08,57353
1558.22,58884
1581.36,61729
1604.51,61861
1627.65,58953
1650.79,57696
1673.93,53517
1697.07,39793
1720.22,2756
1743.36,16359
1766.50,35997
1789.64,48258
1812.78,55513
1835.93,59391
1859.07,62125
1882.21,63753
1905.35,64478
1928.49,64875
1951.64,64905
1974.78,64611
1997.92,63964
2021.06,64379
2044.20,64850
2067.35,65207
2090.49,65380
2113.63,65331
2136.77,65440
2159.91,65452
2183.06,65322
2206.20,64870
2229.34,64227
2252.48,64659
2275.62,64948
2298.77,65055
2321.91,65119
2345.05,65183
2368.19,65247
2391.33,65434
2414.48,65529
2437.62,65206
2460.76,64385
2483.90,65124
2507.04,65226
2530.19,65003
2553.33,65046
2576.47,64943
2599.61,64414
2622.75,63760
2645.90,62383
2669.04,59641
2692.18,54074
2715.32,43742
2738.46,37565
2761.61,42310
2784.75,46956
2807.89,42806
2831.03,36858
2854.17,37074
2877.32,48206
2900.46,53404
2923.60,54533
2946.74,55368
2969.88,54819
2993.03,52591
3016.17,54353
3039.31,57520
3062.45,58411
3085.59,58642
3108.74,58576
3131.88,58893
3155.02,59523
3178.16,59879
3201.30,59941
3224.45,59918
3247.59,59785
3270.73,59674
3293.87,59534
3317.01,59327
3340.16,58937
3363.30,58597
3386.44,58067
3409.58,56377
3432.72,51468
3455.87,54994
3479.01,56310
3502.15,56690
3525.29,56844
3548.43,57040
3571.58,57137
3594.72,56945
3617.86,56462
3641.00,57299
3664.14,57471
3687.29,56864
3710.43,56541
3733.57,55610
3756.71,56377
3779.85,57104
3803.00,56295
3826.14,56379
3849.28,56040
3872.42,55913
3895.56,56153
3918.71,56284
3941.85,56356
3964.99,56518