:401.12,55423
424.26,54784
447.40,57659
470.54,58312
493.69,56076
516.83,58961
539.97,57359
563.11,55581
586.25,52880
609.39,49757
632.54,47832
655.68,48808
678.82,52487
701.96,56631
725.10,48192
748.24,62640
771.39,65692
794.53,65832
817.67,72160
840.81,72583
863.95,63825
887.10,36939
910.24,62221
933.38,28960
956.52,55449
979.66,64811
1002.80,54716
1025.95,60785
1049.09,41221
1072.23,60355
1095.37,65098
1118.51,57055
1141.65,33969
1164.80,20687
1187.94,22291
1211.08,36972
1234.22,44698
1257.36,54473
1280.51,39552
1303.65,54752
1326.79,43495
1349.93,39437
1373.07,22871
1396.21,33187
1419.36,44244
1442.50,43466
1465.64,27079
1488.78,56283
1511.92,68338
1535.06,72551
1558.21,74597
1581.35,76089
1604.49,75897
1627.63,74852
1650.77,73249
1673.91,74824
1697.06,76985
1720.20,78044
1743.34,78374
1766.48,79091
1789.62,79567
1812.77,77916
1835.91,78800
1859.05,79070
1882.19,78963
1905.33,79879
1928.47,80122
1951.62,80331
1974.76,80405
1997.90,80457
2021.04,80636
2044.18,80407
2067.32,79842
2090.47,79395
2113.61,79460
2136.75,80023
2159.89,80006
2183.03,80092
2206.18,79768
2229.32,79572
2252.46,79085
2275.60,78706
2298.74,77834
2321.88,76251
2345.03,75287
2368.17,75131
2391.31,76450
2414.45,77093
2437.59,76383
2460.73,76563
2483.88,76924
2507.02,75286
2530.16,73189
2553.30,72049
2576.44,71764
2599.58,72411
2622.73,72217
2645.87,71382
2669.01,71363
2692.15,71370
2715.29,69537
2738.44,67591
2761.58,66260
2784.72,63629
2807.86,59226
2831.00,53220
2854.14,37405
2877.29,26649
2900.43,26272
2923.57,19893
2946.71,21104
2969.85,15102
2992.99,33171
3016.14,57897
3039.28,64431
3062.42,66028
3085.56,64860
3108.70,63422
3131.85,60120
3154.99,55555
3178.13,49310
3201.27,42963
3224.41,36849
3247.55,31279
3270.70,26227
3293.84,22403
3316.98,19978
3340.12,18263
3363.26,17667
3386.40,17660
3409.55,18589
3432.69,19750
3455.83,21975
3478.97,25835
3502.11,32208
3525.25,41333
3548.40,52227
3571.54,61500
3594.68,66843
3617.82,66415
3640.96,74452
3664.11,76436
3687.25,75863
3710.39,77525
3733.53,78515
3756.67,79013
3779.81,79026
3802.96,78536
3826.10,78475
3849.24,78075
3872.38,77700
3895.52,77414
3918.66,77569
3941.81,77532
3964.95,77963