:401.12,49540
424.26,49540
447.41,54157
470.55,57069
493.69,58661
516.83,59804
539.97,61011
563.12,61463
586.26,61941
609.40,62419
632.54,61514
655.68,62590
678.83,62920
701.97,63406
725.11,63408
748.25,60664
771.39,40645
794.54,64385
817.68,65080
840.82,65478
863.96,63588
887.10,53929
910.25,17446
933.39,53527
956.53,61368
979.67,62054
1002.81,57401
1025.96,44636
1049.10,56243
1072.24,55151
1095.38,45230
1118.52,34478
1141.67,9270
1164.81,394
1187.95,4522
1211.09,0
1234.23,3966
1257.38,27895
1280.52,46650
1303.66,53156
1326.80,54166
1349.94,52767
1373.09,44015
1396.23,47327
1419.37,41146
1442.51,21565
1465.65,31078
1488.80,45931
1511.94,52059
1535.08,53616
1558.22,53673
1581.36,55622
1604.51,57210
1627.65,54705
1650.79,50634
1673.93,37607
1697.07,17412
1720.22,962
1743.36,2340
1766.50,23262
1789.64,45944
1812.78,54470
1835.93,61536
1859.07,64576
1882.21,65359
1905.35,65176
1928.49,64118
1951.64,64780
1974.78,62294
1997.92,63907
2021.06,63910
2044.20,61249
2067.35,57598
2090.49,61281
2113.63,58365
2136.77,61066
2159.91,63845
2183.06,64416
2206.20,64545
2229.34,64686
2252.48,64390
2275.62,63657
2298.77,62976
2321.91,62444
2345.05,61911
2368.19,61378
2391.33,60984
2414.48,60283
2437.62,61072
2460.76,61757
2483.90,61171
2507.04,61841
2530.19,61970
2553.33,61818
2576.47,61140
2599.61,60603
2622.75,60702
2645.90,60594
2669.04,60626
2692.18,60503
2715.32,59911
2738.46,58725
2761.61,58485
2784.75,58114
2807.89,56170
2831.03,49540
2854.17,48407
2877.32,44162
2900.46,36145
2923.60,27122
2946.74,15005
2969.88,23860
2993.03,33629
3016.17,32743
3039.31,39383
3062.45,48197
3085.59,50950
3108.74,51112
3131.88,53024
3155.02,53286
3178.16,53764
3201.30,54030
3224.45,54041
3247.59,53482
3270.73,52992
3293.87,52230
3317.01,51752
3340.16,51310
3363.30,50457
3386.44,49343
3409.58,46707
3432.72,40812
3455.87,42803
3479.01,44401
3502.15,43911
3525.29,42176
3548.43,39431
3571.58,37685
3594.72,40285
3617.86,44031
3641.00,46380
3664.14,48527
3687.29,51087
3710.43,52212
3733.57,51899
3756.71,52057
3779.85,52451
3803.00,51955
3826.14,51785
3849.28,51035
3872.42,50057
3895.56,50624
3918.71,49980
3941.85,49535
3964.99,49442