:401.12,56122
424.26,61773
447.41,63309
470.55,69456
493.69,72584
516.83,73739
539.97,74343
563.12,72518
586.26,69076
609.40,68863
632.54,71898
655.68,71597
678.83,71935
701.97,73569
725.11,73457
748.25,72631
771.39,71881
794.54,63798
817.68,53201
840.82,44851
863.96,63787
887.10,72113
910.25,73263
933.39,71706
956.53,55837
979.67,65925
1002.81,62450
1025.96,29526
1049.10,53406
1072.24,32962
1095.38,33975
1118.52,50624
1141.67,44240
1164.81,19298
1187.95,10629
1211.09,9407
1234.23,18622
1257.38,27371
1280.52,26364
1303.66,47118
1326.80,36568
1349.94,20525
1373.09,37868
1396.23,50394
1419.37,38522
1442.51,20136
1465.65,22675
1488.80,53761
1511.94,60091
1535.08,63401
1558.22,65836
1581.36,68549
1604.51,67790
1627.65,64534
1650.79,62844
1673.93,58733
1697.07,44583
1720.22,23109
1743.36,9548
1766.50,27728
1789.64,52672
1812.78,64932
1835.93,69824
1859.07,70493
1882.21,71131
1905.35,71503
1928.49,70216
1951.64,71823
1974.78,71127
1997.92,71495
2021.06,69723
2044.20,66806
2067.35,70020
2090.49,71916
2113.63,72427
2136.77,72678
2159.91,72316
2183.06,72486
2206.20,72360
2229.34,72994
2252.48,73013
2275.62,72936
2298.77,72859
2321.91,72781
2345.05,72704
2368.19,72627
2391.33,72550
2414.48,72472
2437.62,72395
2460.76,72302
2483.90,72622
2507.04,72505
2530.19,72338
2553.33,72113
2576.47,71708
2599.61,71086
2622.75,72038
2645.90,71921
2669.04,72222
2692.18,71953
2715.32,71685
2738.46,70925
2761.61,70512
2784.75,70187
2807.89,68488
2831.03,63209
2854.17,57254
2877.32,50494
2900.46,45906
2923.60,39115
2946.74,22720
2969.88,28067
2993.03,24015
3016.17,43370
3039.31,56138
3062.45,64085
3085.59,66855
3108.74,68081
3131.88,68745
3155.02,69218
3178.16,69300
3201.30,69679
3224.45,70113
3247.59,70363
3270.73,70534
3293.87,70599
3317.01,70529
3340.16,70398
3363.30,70220
3386.44,69956
3409.58,69643
3432.72,68680
3455.87,65710
3479.01,65670
3502.15,68366
3525.29,68273
3548.43,67741
3571.58,68292
3594.72,68787
3617.86,67730
3641.00,67478
3664.14,68557
3687.29,69601
3710.43,70500
3733.57,69945
3756.71,70740
3779.85,71493
3803.00,70637
3826.14,70856
3849.28,70605
3872.42,70469
3895.56,70806
3918.71,70895
3941.85,71068
3964.99,70859