:401.12,51702
424.26,53127
447.41,54513
470.55,57515
493.69,55663
516.83,49879
539.97,51702
563.12,62448
586.26,64429
609.40,65451
632.54,65214
655.68,65123
678.83,64970
701.97,64513
725.11,64171
748.25,63372
771.39,61562
794.54,61329
817.68,62534
840.82,62074
863.96,60873
887.10,56077
910.25,52583
933.39,57604
956.53,59334
979.67,59049
1002.81,59308
1025.96,58575
1049.10,57274
1072.24,54473
1095.38,47130
1118.52,55823
1141.67,56773
1164.81,54774
1187.95,49016
1211.09,33001
1234.23,38348
1257.38,51702
1280.52,53635
1303.66,51702
1326.80,46022
1349.94,28144
1373.09,27298
1396.23,39133
1419.37,33201
1442.51,34259
1465.65,42305
1488.80,47764
1511.94,50221
1535.08,51064
1558.22,51286
1581.36,52534
1604.51,53702
1627.65,53065
1650.79,50370
1673.93,44011
1697.07,32550
1720.22,5579
1743.36,33609
1766.50,44149
1789.64,49166
1812.78,53313
1835.93,56328
1859.07,57987
1882.21,58609
1905.35,59047
1928.49,59138
1951.64,59075
1974.78,58991
1997.92,58437
2021.06,58846
2044.20,58894
2067.35,58749
2090.49,58175
2113.63,56724
2136.77,56013
2159.91,57074
2183.06,57855
2206.20,57915
2229.34,57514
2252.48,57091
2275.62,57285
2298.77,57486
2321.91,57387
2345.05,57331
2368.19,57275
2391.33,57412
2414.48,56934
2437.62,55966
2460.76,56879
2483.90,57083
2507.04,56968
2530.19,57054
2553.33,56782
2576.47,55716
2599.61,56836
2622.75,56797
2645.90,56511
2669.04,56241
2692.18,55843
2715.32,55437
2738.46,55134
2761.61,54615
2784.75,53580
2807.89,53458
2831.03,52359
2854.17,51301
2877.32,50682
2900.46,48824
2923.60,46004
2946.74,46429
2969.88,45103
2993.03,43461
3016.17,44008
3039.31,48100
3062.45,49411
3085.59,50092
3108.74,50936
3131.88,51702
3155.02,52099
3178.16,52501
3201.30,52678
3224.45,52727
3247.59,52660
3270.73,52509
3293.87,52424
3317.01,52421
3340.16,52081
3363.30,51702
3386.44,50740
3409.58,46976
3432.72,48942
3455.87,49727
3479.01,50498
3502.15,50453
3525.29,50528
3548.43,50621
3571.58,50942
3594.72,51112
3617.86,51049
3641.00,51718
3664.14,51980
3687.29,51714
3710.43,51983
3733.57,51702
3756.71,51702
3779.85,51677
3803.00,51446
3826.14,51702
3849.28,51851
3872.42,51587
3895.56,51572
3918.71,51655
3941.85,51730
3964.99,51966