:455.163000,0.9240
461.956515,0.9150
468.750029,0.9150
475.543544,0.9090
482.337059,0.8980
489.130573,0.8810
495.924088,0.8560
502.717603,0.8010
509.511118,0.7930
516.304632,0.7760
523.098147,0.7740
529.891662,0.7820
536.685176,0.8430
543.478691,0.8640
550.272206,0.8900
557.065720,0.9150
563.859235,0.9240
570.652750,0.9320
577.446265,0.9380
584.239779,0.9430
591.033294,0.9450
597.826809,0.9470
604.620323,0.9510
611.413838,0.9490
618.207353,0.9450
625.000867,0.9360
631.794382,0.9190
638.587897,0.8880
645.381411,0.8180
652.174926,0.8160
658.968441,0.7970
665.761956,0.7780
672.555470,0.7990
679.348985,0.8450
686.142500,0.8980
692.936014,0.9190
699.729529,0.9340
706.523044,0.9490
713.316558,0.9550
720.110073,0.9550
726.903588,0.9550
733.697103,0.9510
740.490617,0.9450
747.284132,0.9380
754.077647,0.9260
760.871161,0.9090
767.664676,0.8920
774.458191,0.8770
781.251705,0.8730
788.045220,0.8770
794.838735,0.7078
801.632249,0.8637
808.425764,0.9070
815.219279,0.8940
822.012794,0.8180
828.806308,0.6660
835.599823,0.5610
842.393338,0.5799
849.186852,0.4111
855.980367,0.4681
862.773882,0.5231
869.567396,0.7340
876.360911,0.7440
883.154426,0.7360
889.947941,0.7250
896.741455,0.7130
903.534970,0.7130
910.328485,0.7230
917.121999,0.7440
923.915514,0.8310
930.709029,0.8690
937.502543,0.9090
944.296058,0.9280
951.089573,0.9380
957.883087,0.9430
964.676602,0.9430
971.470117,0.9360
978.263632,0.9340
985.057146,0.9240
991.850661,0.9110
998.644176,0.8920
1005.437690,0.8810
1012.231205,0.8830
1019.024720,0.8830
1025.818234,0.9020
1032.611749,0.9150
1039.405264,0.9280
1046.198779,0.9240
1052.992293,0.9110
1059.785808,0.9000
1066.579323,0.8810
1073.372837,0.7950
1080.166352,0.6980
1086.959867,0.6130
1093.753381,0.6030
1100.546896,0.6259
1107.340411,0.5630
1114.133925,0.6469
1120.927440,0.7610
1127.720955,0.7570
1134.514470,0.7610
1141.307984,0.7760
1148.101499,0.7760
1154.895014,0.8050
1161.688528,0.8540
1168.482043,0.8920
1175.275558,0.9110
1182.069072,0.9150
1188.862587,0.9240
1195.656102,0.9110
1202.449616,0.8810
1209.243131,0.8450
1216.036646,0.8450
1222.830161,0.8329
1229.623675,0.8270
1236.417190,0.8310
1243.210705,0.8600
1250.004219,0.8920
1256.797734,0.8960
1263.591249,0.9070
1270.384763,0.9240
1277.178278,0.9400
1283.971793,0.9380
1290.765308,0.9360
1297.558822,0.9300
1304.352337,0.9150
1311.145852,0.9000
1317.939366,0.8410
1324.732881,0.7780
1331.526396,0.7460
1338.319910,0.7229
1345.113425,0.6750
1351.906940,0.6279
1358.700454,0.5900
1365.493969,0.5629
1372.287484,0.4970
1379.080999,0.4590
1385.874513,0.4590
1392.668028,0.4811
1399.461543,0.5500
1406.255057,0.4490
1413.048572,0.4510
1419.842087,0.4890
1426.635601,0.5140
1433.429116,0.4810
1440.222631,0.5040
1447.016146,0.5460
1453.809660,0.5250
1460.603175,0.4660
1467.396690,0.5480
1474.190204,0.5920
1480.983719,0.6260
1487.777234,0.7040
1494.570748,0.7930
1501.364263,0.8520
1508.157778,0.7670
1514.951292,0.8790
1521.744807,0.8180
1528.538322,0.8920
1535.331837,0.8750
1542.125351,0.8431
1548.918866,0.9190
1555.712381,0.9129
1562.505895,0.8520
1569.299410,0.9278
1576.092925,0.8370
1582.886439,0.9320
1589.679954,0.9300
1596.473469,0.9320
1603.266984,0.9260
1610.060498,0.9260
1616.854013,0.8370
1623.647528,0.8941
1630.441042,0.9170
1637.234557,0.8292
1644.028072,0.8960
1650.821586,0.8710
1657.615101,0.8500
1664.408616,0.8140
1671.202130,0.7610
1677.995645,0.7101
1684.789160,0.7190
1691.582675,0.6789
1698.376189,0.5900
1705.169704,0.5669
1711.963219,0.4660
1718.756733,0.3028
1725.550248,0.1240
1732.343763,0.0330
1739.137277,0.0100
1745.930792,0.0040
1752.724307,0.0040
1759.517822,0.0080
1766.311336,0.0120
1773.104851,0.0501
1779.898366,0.2610
1786.691880,0.4571
1793.485395,0.5630
1800.278910,0.6981
1807.072424,0.7950
1813.865939,0.8330
1820.659454,0.8500
1827.452968,0.8430
1834.246483,0.8560
1841.039998,0.8640
1847.833513,0.8640
1854.627027,0.8730
1861.420542,0.8900
1868.214057,0.8900
1875.007571,0.9110
1881.801086,0.9150
1888.594601,0.9150
1895.388115,0.9320
1902.181630,0.9380
1908.975145,0.9380
1915.768660,0.9340
1922.562174,0.9340
1929.355689,0.9450
1936.149204,0.9450
1942.942718,0.9450
1949.736233,0.9490
1956.529748,0.9550
1963.323262,0.9550
1970.116777,0.9570
1976.910292,0.9570
1983.703806,0.9550
1990.497321,0.9570
1997.290836,0.9530
2004.084351,0.9550
2010.877865,0.9550
2017.671380,0.9550
2024.464895,0.9570
2031.258409,0.9580
2038.051924,0.9590
2044.845439,0.9620
2051.638953,0.9620
2058.432468,0.9590
2065.225983,0.9590
2072.019498,0.9570
2078.813012,0.9570
2085.606527,0.9570
2092.400042,0.9589
2099.193556,0.9590
2105.987071,0.9590
2112.780586,0.9590
2119.574100,0.9590
2126.367615,0.9590
2133.161130,0.9570
2139.954644,0.9550
2146.748159,0.9530
2153.541674,0.9530
2160.335189,0.9530
2167.128703,0.9550
2173.922218,0.9550
2180.715733,0.9550
2187.509247,0.9550
2194.302762,0.9570
2201.096277,0.9588
2207.889791,0.9640
2214.683306,0.9620
2221.476821,0.9620
2228.270336,0.9620
2235.063850,0.9628
2241.857365,0.9623
2248.650880,0.9640
2255.444394,0.9640
2262.237909,0.9640
2269.031424,0.9640
2275.824938,0.9660
2282.618453,0.9660
2289.411968,0.9653
2296.205482,0.9623
2302.998997,0.9543
2309.792512,0.9479
2316.586027,0.9420
2323.379541,0.9360
2330.173056,0.9313
2336.966571,0.9300
2343.760085,0.9320
2350.553600,0.9223
2357.347115,0.9150
2364.140629,0.9203
2370.934144,0.9346
2377.727659,0.9466
2384.521173,0.9576
2391.314688,0.9590
2398.108203,0.9620
2404.901718,0.9620
2411.695232,0.9620
2418.488747,0.9590
2425.282262,0.9666
2432.075776,0.9680
2438.869291,0.9700
2445.662806,0.9716
2452.456320,0.9720
2459.249835,0.9720
2466.043350,0.9715
2472.836865,0.9700
2479.630379,0.9700
2486.423894,0.9715
2493.217409,0.9720
2500.010923,0.9720
2506.804438,0.9720
2513.597953,0.9705
2520.391467,0.9700
2527.184982,0.9700
2533.978497,0.9680
2540.772011,0.9680
2547.565526,0.9640
2554.359041,0.9640
2561.152556,0.9636
2567.946070,0.9599
2574.739585,0.9550
2581.533100,0.9536
2588.326614,0.9506
2595.120129,0.9470
2601.913644,0.9396
2608.707158,0.9352
2615.500673,0.9293
2622.294188,0.9196
2629.087703,0.9069
2635.881217,0.8893
2642.674732,0.8743
2649.468247,0.8447
2656.261761,0.8036
2663.055276,0.7653
2669.848791,0.6759
2676.642305,0.6084
2683.435820,0.4846
2690.229335,0.3549
2697.022849,0.2134
2703.816364,0.1338
2710.609879,0.1190
2717.403394,0.1057
2724.196908,0.1110
2730.990423,0.1655
2737.783938,0.2380
2744.577452,0.3478
2751.370967,0.4380
2758.164482,0.4970
2764.957996,0.4928
2771.751511,0.4841
2778.545026,0.4696
2785.338541,0.3507
2792.132055,0.2368
2798.925570,0.2072
2805.719085,0.1660
2812.512599,0.1721
2819.306114,0.2009
2826.099629,0.2209
2832.893143,0.2586
2839.686658,0.3757
2846.480173,0.5415
2853.273687,0.5935
2860.067202,0.6453
2866.860717,0.6479
2873.654232,0.6298
2880.447746,0.5506
2887.241261,0.4406
2894.034776,0.3311
2900.828290,0.3008
2907.621805,0.2901
2914.415320,0.2712
2921.208834,0.2838
2928.002349,0.3311
2934.795864,0.3319
2941.589379,0.3161
2948.382893,0.3398
2955.176408,0.3450
2961.969923,0.3110
2968.763437,0.2399
2975.556952,0.2145
2982.350467,0.1828
2989.143981,0.1872
2995.937496,0.1430
3002.731011,0.1900
3009.524525,0.3289
3016.318040,0.4251
3023.111555,0.6732
3029.905070,0.7321
3036.698584,0.8219
3043.492099,0.8518
3050.285614,0.8728
3057.079128,0.8908
3063.872643,0.8940
3070.666158,0.8989
3077.459672,0.9020
3084.253187,0.9033
3091.046702,0.9088
3097.840217,0.9130
3104.633731,0.9111
3111.427246,0.9110
3118.220761,0.9110
3125.014275,0.9139
3131.807790,0.9169
3138.601305,0.9211
3145.394819,0.9315
3152.188334,0.9365
3158.981849,0.9450
3165.775363,0.9498
3172.568878,0.9530
3179.362393,0.9530
3186.155908,0.9512
3192.949422,0.9510
3199.742937,0.9548
3206.536452,0.9628
3213.329966,0.9676
3220.123481,0.9700
3226.916996,0.9720
3233.710510,0.9720
3240.504025,0.9720
3247.297540,0.9727
3254.091055,0.9760
3260.884569,0.9780
3267.678084,0.9780
3274.471599,0.9810
3281.265113,0.9810
3288.058628,0.9823
3294.852143,0.9780
3301.645657,0.9780
3308.439172,0.9780
3315.232687,0.9810
3322.026201,0.9843
3328.819716,0.9850
3335.613231,0.9850
3342.406746,0.9830
3349.200260,0.9785
3355.993775,0.9810
3362.787290,0.9780
3369.580804,0.9780
3376.374319,0.9810
3383.167834,0.9780
3389.961348,0.9760
3396.754863,0.9740
3403.548378,0.9704
3410.341893,0.9654
3417.135407,0.9580
3423.928922,0.9504
3430.722437,0.9439
3437.515951,0.9344
3444.309466,0.9159
3451.102981,0.9003
3457.896495,0.8889
3464.690010,0.8725
3471.483525,0.8695
3478.277039,0.8695
3485.070554,0.8893
3491.864069,0.9017
3498.657584,0.9238
3505.451098,0.9535
3512.244613,0.9622
3519.038128,0.9689
3525.831642,0.9735
3532.625157,0.9720
3539.418672,0.9700
3546.212186,0.9716
3553.005701,0.9569
3559.799216,0.9574
3566.592731,0.9646
3573.386245,0.9546
3580.179760,0.9544
3586.973275,0.9640
3593.766789,0.9660
3600.560304,0.9570
3607.353819,0.9570
3614.147333,0.9623
3620.940848,0.9503
3627.734363,0.9697
3634.527877,0.9550
3641.321392,0.9550
3648.114907,0.9563
3654.908422,0.9675
3661.701936,0.9340
3668.495451,0.9578
3675.288966,0.9502
3682.082480,0.9680
3688.875995,0.9680
3695.669510,0.9541
3702.463024,0.9680
3709.256539,0.9660
3716.050054,0.9615
3722.843568,0.9317
3729.637083,0.9397
3736.430598,0.9171
3743.224113,0.9555