:403.717617,0.8670
408.638343,0.8630
413.559070,0.8640
418.479797,0.8650
423.400524,0.8600
428.321250,0.8530
433.241977,0.8410
438.162704,0.8440
443.083431,0.8600
448.004157,0.8630
452.924884,0.8600
457.845611,0.8610
462.766338,0.8600
467.687064,0.8450
472.607791,0.8340
477.528518,0.8260
482.449245,0.8290
487.369971,0.8300
492.290698,0.8340
497.211425,0.8480
502.132152,0.8670
507.052878,0.8840
511.973605,0.8950
516.894332,0.8930
521.815059,0.8760
526.735785,0.8320
531.656512,0.8210
536.577239,0.8550
541.497966,0.8830
546.418692,0.9000
551.339419,0.9110
556.260146,0.9180
561.180873,0.9230
566.101600,0.9260
571.022326,0.9270
575.943053,0.9280
580.863780,0.9340
585.784507,0.9360
590.705233,0.9380
595.625960,0.9360
600.546687,0.9340
605.467414,0.9340
610.388140,0.9360
615.308867,0.9470
620.229594,0.9580
625.150321,0.9610
630.071047,0.9620
634.991774,0.9590
639.912501,0.9590
644.833228,0.9590
649.753954,0.9580
654.674681,0.9570
659.595408,0.9550
664.516135,0.9550
669.436861,0.9570
674.357588,0.9610
679.278315,0.9620
684.199042,0.9610
689.119768,0.9580
694.040495,0.9590
698.961222,0.9570
703.881949,0.9460
708.802675,0.9540
713.723402,0.9540
718.644129,0.9440
723.564856,0.9120
728.485582,0.8800
733.406309,0.7811
738.327036,0.6380
743.247763,0.5889
748.168489,0.6180
753.089216,0.6749
758.009943,0.8420
762.930670,0.9160
767.851396,0.9360
772.772123,0.9280
777.692850,0.8930
782.613577,0.8550
787.534303,0.8200
792.455030,0.8720
797.375757,0.8630
802.296484,0.8040
807.217210,0.7670
812.137937,0.8370
817.058664,0.8730
821.979391,0.9280
826.900117,0.9510
831.820844,0.9700
836.741571,0.9730
841.662298,0.9810
846.583024,0.9940
851.503751,1.0010
856.424478,1.0040
861.345205,1.0020
866.265931,1.0040
871.186658,1.0020
876.107385,1.0010
881.028112,0.9970
885.948839,0.9970
890.869565,0.9950
895.790292,0.9820
900.711019,0.9500
905.631746,0.9270
910.552472,0.9630
915.473199,0.9590
920.393926,0.9240
925.314653,0.9470
930.235379,0.9790
935.156106,0.9850
940.076833,0.9910
944.997560,0.9940
949.918286,0.9950
954.839013,0.9910
959.759740,0.9890
964.680467,0.9750
969.601193,0.9650
974.521920,0.9610
979.442647,0.9949
984.363374,0.9700
989.284100,0.9021
994.204827,0.8530
999.125554,0.7111
1004.046281,0.6600
1008.967007,0.8639
1013.887734,0.8640
1018.808461,0.8210
1023.729188,0.8020
1028.649914,0.8730
1033.570641,0.9000
1038.491368,0.8790
1043.412095,0.8340
1048.332821,0.7940
1053.253548,0.7360
1058.174275,0.6360
1063.095002,0.5270
1068.015728,0.3321
1072.936455,0.1580
1077.857182,0.3028
1082.777909,0.3790
1087.698635,0.3500
1092.619362,0.3790
1097.540089,0.3790
1102.460816,0.5530
1107.381542,0.6530
1112.302269,0.7740
1117.222996,0.8000
1122.143723,0.7820
1127.064449,0.7350
1131.985176,0.6380
1136.905903,0.5810
1141.826630,0.6060
1146.747356,0.6420
1151.668083,0.7270
1156.588810,0.8560
1161.509537,0.9060
1166.430263,0.9240
1171.350990,0.9230
1176.271717,0.9150
1181.192444,0.8870
1186.113170,0.8380
1191.033897,0.7320
1195.954624,0.5042
1200.875351,0.2630
1205.796077,0.1620
1210.716804,0.1890
1215.637531,0.2570
1220.558258,0.5300
1225.478985,0.7279
1230.399711,0.8410
1235.320438,0.8950
1240.241165,0.9060
1245.161892,0.9080
1250.082618,0.9040
1255.003345,0.8770
1259.924072,0.8640
1264.844799,0.8480
1269.765525,0.8450
1274.686252,0.8340
1279.606979,0.7650
1284.527706,0.6520
1289.448432,0.4510
1294.369159,0.3780
1299.289886,0.4490
1304.210613,0.5400
1309.131339,0.5730
1314.052066,0.5900
1318.972793,0.6510
1323.893520,0.6650
1328.814246,0.6460
1333.734973,0.5750
1338.655700,0.5690
1343.576427,0.5300
1348.497153,0.4650
1353.417880,0.4920
1358.338607,0.4370
1363.259334,0.4910
1368.180060,0.3969
1373.100787,0.1750
1378.021514,0.1570
1382.942241,0.1240
1387.862967,0.1060
1392.783694,0.3469
1397.704421,0.5310
1402.625148,0.6039
1407.545874,0.6800
1412.466601,0.7280
1417.387328,0.7470
1422.308055,0.7420
1427.228781,0.7260
1432.149508,0.6910
1437.070235,0.6480
1441.990962,0.4791
1446.911688,0.3280
1451.832415,0.2960
1456.753142,0.3160
1461.673869,0.3730
1466.594595,0.3000
1471.515322,0.2799
1476.436049,0.2920
1481.356776,0.4199
1486.277502,0.6300
1491.198229,0.7320
1496.118956,0.7730
1501.039683,0.7910
1505.960409,0.8040
1510.881136,0.8170
1515.801863,0.8330
1520.722590,0.8420
1525.643316,0.8480
1530.564043,0.8530
1535.484770,0.8530
1540.405497,0.8670
1545.326223,0.8720
1550.246950,0.8720
1555.167677,0.8720
1560.088404,0.8760
1565.009131,0.8760
1569.929857,0.8730
1574.850584,0.8730
1579.771311,0.8720
1584.692038,0.8720
1589.612764,0.8710
1594.533491,0.8690
1599.454218,0.8680
1604.374945,0.8680
1609.295671,0.8690
1614.216398,0.8670
1619.137125,0.8640
1624.057852,0.8560
1628.978578,0.8510
1633.899305,0.8410
1638.820032,0.8330
1643.740759,0.8300
1648.661485,0.8260
1653.582212,0.8240
1658.502939,0.8240
1663.423666,0.8220
1668.344392,0.8200
1673.265119,0.8120
1678.185846,0.8050
1683.106573,0.8000
1688.027299,0.7940
1692.948026,0.7940
1697.868753,0.8250
1702.789480,0.8330
1707.710206,0.8340
1712.630933,0.8440
1717.551660,0.8510
1722.472387,0.8440
1727.393113,0.8370
1732.313840,0.8240
1737.234567,0.8170
1742.155294,0.8050
1747.076020,0.8020
1751.996747,0.8360
1756.917474,0.8730
1761.838201,0.8840
1766.758927,0.8910
1771.679654,0.8910
1776.600381,0.8920
1781.521108,0.8930
1786.441834,0.8930
1791.362561,0.8930
1796.283288,0.8910
1801.204015,0.8890
1806.124741,0.8880
1811.045468,0.8890
1815.966195,0.8910
1820.886922,0.8920
1825.807648,0.8950
1830.728375,0.8950
1835.649102,0.8990
1840.569829,0.9030
1845.490555,0.9060
1850.411282,0.9060
1855.332009,0.9060
1860.252736,0.9070
1865.173462,0.9060
1870.094189,0.9060
1875.014916,0.9040
1879.935643,0.9030
1884.856369,0.9030
1889.777096,0.9060
1894.697823,0.9040
1899.618550,0.9060
1904.539277,0.9040
1909.460003,0.9030
1914.380730,0.9030
1919.301457,0.9030
1924.222184,0.9000
1929.142910,0.8970
1934.063637,0.8920
1938.984364,0.8910
1943.905091,0.8890
1948.825817,0.8910
1953.746544,0.8930
1958.667271,0.8990
1963.587998,0.9020
1968.508724,0.9030
1973.429451,0.9040
1978.350178,0.9040
1983.270905,0.9060
1988.191631,0.9080
1993.112358,0.9110
1998.033085,0.9140
2002.953812,0.9160
2007.874538,0.9190
2012.795265,0.9200
2017.715992,0.9220
2022.636719,0.9230
2027.557445,0.9240
2032.478172,0.9240
2037.398899,0.9260
2042.319626,0.9260
2047.240352,0.9260
2052.161079,0.9260
2057.081806,0.9260
2062.002533,0.9265
2066.923259,0.9270
2071.843986,0.9270
2076.764713,0.9270
2081.685440,0.9265
2086.606166,0.9241
2091.526893,0.9230
2096.447620,0.9220
2101.368347,0.9220
2106.289073,0.9220
2111.209800,0.9220
2116.130527,0.9230
2121.051254,0.9220
2125.971980,0.9230
2130.892707,0.9249
2135.813434,0.9260
2140.734161,0.9275
2145.654887,0.9280
2150.575614,0.9280
2155.496341,0.9280
2160.417068,0.9275
2165.337794,0.9260
2170.258521,0.9251
2175.179248,0.9240
2180.099975,0.9236
2185.020701,0.9230
2189.941428,0.9230
2194.862155,0.9230
2199.782882,0.9200
2204.703608,0.9200
2209.624335,0.9200
2214.545062,0.9191
2219.465789,0.9190
2224.386516,0.9190
2229.307242,0.9190
2234.227969,0.9190
2239.148696,0.9190
2244.069423,0.9180
2248.990149,0.9146
2253.910876,0.9140
2258.831603,0.9150
2263.752330,0.9150
2268.673056,0.9140
2273.593783,0.9138
2278.514510,0.9144
2283.435237,0.9140
2288.355963,0.9132
2293.276690,0.9138
2298.197417,0.9144
2303.118144,0.9160
2308.038870,0.9156
2312.959597,0.9150
2317.880324,0.9110
2322.801051,0.9109
2327.721777,0.9092
2332.642504,0.9070
2337.563231,0.9070
2342.483958,0.9069
2347.404684,0.9066
2352.325411,0.9031
2357.246138,0.9020
2362.166865,0.9000
2367.087591,0.9000
2372.008318,0.9000
2376.929045,0.9020
2381.849772,0.9002
2386.770498,0.8990
2391.691225,0.8990
2396.611952,0.8970
2401.532679,0.8951
2406.453405,0.8920
2411.374132,0.8920
2416.294859,0.8870
2421.215586,0.8852
2426.136312,0.8840
2431.057039,0.8830
2435.977766,0.8834
2440.898493,0.8840
2445.819219,0.8836
2450.739946,0.8840
2455.660673,0.8810
2460.581400,0.8773
2465.502126,0.8743
2470.422853,0.8730
2475.343580,0.8703
2480.264307,0.8645
2485.185033,0.8603
2490.105760,0.8456
2495.026487,0.8386
2499.947214,0.8321
2504.867940,0.8432
2509.788667,0.8601
2514.709394,0.8777
2519.630121,0.8671
2524.550847,0.8603
2529.471574,0.8552
2534.392301,0.8526
2539.313028,0.8512
2544.233754,0.8487
2549.154481,0.8452
2554.075208,0.8373
2558.995935,0.8263
2563.916662,0.8100
2568.837388,0.7962
2573.758115,0.7810
2578.678842,0.7780
2583.599569,0.7813
2588.520295,0.7830
2593.441022,0.7743
2598.361749,0.7613
2603.282476,0.7500
2608.203202,0.7470
2613.123929,0.7487
2618.044656,0.7527
2622.965383,0.7540
2627.886109,0.7532
2632.806836,0.7507
2637.727563,0.7464
2642.648290,0.7180
2647.569016,0.6996
2652.489743,0.7006
2657.410470,0.7020
2662.331197,0.6948
2667.251923,0.6854
2672.172650,0.6850
2677.093377,0.6866
2682.014104,0.6870
2686.934830,0.6842
2691.855557,0.6778
2696.776284,0.6594
2701.697011,0.6278
2706.617737,0.5973
2711.538464,0.5641
2716.459191,0.5326
2721.379918,0.5155
2726.300644,0.4842
2731.221371,0.4941
2736.142098,0.5118
2741.062825,0.5043
2745.983551,0.4812
2750.904278,0.4336
2755.825005,0.3798
2760.745732,0.3572
2765.666458,0.3472
2770.587185,0.3370
2775.507912,0.2976
2780.428639,0.2449
2785.349365,0.1989
2790.270092,0.1537
2795.190819,0.0973
2800.111546,0.0728
2805.032272,0.0567
2809.952999,0.0568
2814.873726,0.0694
2819.794453,0.0846
2824.715179,0.1067
2829.635906,0.1473
2834.556633,0.2037
2839.477360,0.2466
2844.398086,0.3145
2849.318813,0.3585
2854.239540,0.3860
2859.160267,0.3852
2864.080993,0.3597
2869.001720,0.2920
2873.922447,0.2131
2878.843174,0.1100
2883.763900,0.1429
2888.684627,0.2413
2893.605354,0.2178
2898.526081,0.1886
2903.446808,0.1747
2908.367534,0.1822
2913.288261,0.1835
2918.208988,0.1738
2923.129715,0.1334
2928.050441,0.0711
2932.971168,0.0511
2937.891895,0.0405
2942.812622,0.0644
2947.733348,0.0779
2952.654075,0.0965
2957.574802,0.0738
2962.495529,0.0316
2967.416255,0.0078
2972.336982,0.0013
2977.257709,0.0012
2982.178436,0.0054
2987.099162,0.0244
2992.019889,0.0829
2996.940616,0.1526
3001.861343,0.3663
3006.782069,0.5251
3011.702796,0.5732
3016.623523,0.6365
3021.544250,0.6876
3026.464976,0.7176
3031.385703,0.7484
3036.306430,0.7666
3041.227157,0.7815
3046.147883,0.7954
3051.068610,0.8008
3055.989337,0.8088
3060.910064,0.8167
3065.830790,0.8212
3070.751517,0.8247
3075.672244,0.8264
3080.592971,0.8294
3085.513697,0.8320
3090.434424,0.8327
3095.355151,0.8340
3100.275878,0.8431
3105.196604,0.8464
3110.117331,0.8501
3115.038058,0.8522
3119.958785,0.8550
3124.879511,0.8528
3129.800238,0.8513
3134.720965,0.8510
3139.641692,0.8496
3144.562418,0.8458
3149.483145,0.8450
3154.403872,0.8450
3159.324599,0.8450
3164.245325,0.8450
3169.166052,0.8450
3174.086779,0.8480
3179.007506,0.8527
3183.928232,0.8590
3188.848959,0.8597
3193.769686,0.8653
3198.690413,0.8703
3203.611139,0.8733
3208.531866,0.8790
3213.452593,0.8842
3218.373320,0.8870
3223.294047,0.8912
3228.214773,0.8920
3233.135500,0.8890
3238.056227,0.8890
3242.976954,0.8878
3247.897680,0.8857
3252.818407,0.8850
3257.739134,0.8850
3262.659861,0.8840
3267.580587,0.8840
3272.501314,0.8830
3277.422041,0.8830
3282.342768,0.8810
3287.263494,0.8817
3292.184221,0.8810
3297.104948,0.8810
3302.025675,0.8800
3306.946401,0.8800
3311.867128,0.8800
3316.787855,0.8800
3321.708582,0.8790
3326.629308,0.8800
3331.550035,0.8800
3336.470762,0.8800
3341.391489,0.8813
3346.312215,0.8836
3351.232942,0.8841
3356.153669,0.8850
3361.074396,0.8910
3365.995122,0.8910
3370.915849,0.8920
3375.836576,0.8920
3380.757303,0.8921
3385.678029,0.8930
3390.598756,0.8932
3395.519483,0.8942
3400.440210,0.8961
3405.360936,0.8990
3410.281663,0.9000
3415.202390,0.9000
3420.123117,0.9021
3425.043843,0.9030
3429.964570,0.9030
3434.885297,0.9030
3439.806024,0.9031
3444.726750,0.9040
3449.647477,0.9030
3454.568204,0.9030
3459.488931,0.9071
3464.409657,0.9110
3469.330384,0.9122
3474.251111,0.9156
3479.171838,0.9150
3484.092564,0.9190
3489.013291,0.9200
3493.934018,0.9226
3498.854745,0.9242
3503.775471,0.9276
3508.696198,0.9282
3513.616925,0.9300
3518.537652,0.9302
3523.458378,0.9320
3528.379105,0.9320
3533.299832,0.9346
3538.220559,0.9350
3543.141285,0.9360
3548.062012,0.9390
3552.982739,0.9390
3557.903466,0.9391
3562.824193,0.9400
3567.744919,0.9400
3572.665646,0.9400
3577.586373,0.9420
3582.507100,0.9430
3587.427826,0.9430
3592.348553,0.9430
3597.269280,0.9430
3602.190007,0.9420
3607.110733,0.9420
3612.031460,0.9435
3616.952187,0.9440
3621.872914,0.9460
3626.793640,0.9470
3631.714367,0.9470
3636.635094,0.9460
3641.555821,0.9440
3646.476547,0.9440
3651.397274,0.9425
3656.318001,0.9397
3661.238728,0.9262
3666.159454,0.9139
3671.080181,0.9100
3676.000908,0.9141
3680.921635,0.9216
3685.842361,0.9321
3690.763088,0.9425
3695.683815,0.9460
3700.604542,0.9451
3705.525268,0.9460
3710.445995,0.9460
3715.366722,0.9460
3720.287449,0.9475
3725.208175,0.9480
3730.128902,0.9480
3735.049629,0.9510
3739.970356,0.9545
3744.891082,0.9580
3749.811809,0.9580
3754.732536,0.9590
3759.653263,0.9590
3764.573989,0.9590
3769.494716,0.9590
3774.415443,0.9590
3779.336170,0.9610
3784.256896,0.9610